687
(1792,3652)
(1796,3656)
(1799,3659)
(1801,3661)
(1804,3664)
(1806,3666)
(1809,3669)
(1812,3671)
(1814,3674)
(1817,3676)
(1819,3679)
(1822,3681)
(1824,3684)
(1827,3686)
(1830,3689)
(1832,3691)
(1835,3694)
(1837,3696)
(1840,3698)
(1843,3701)
(1845,3703)
(1848,3706)
(1850,3709)
(1853,3709)
(1857,3708)
(1861,3711)
(1868,3708)
(1871,3709)
(1875,3706)
(1879,3706)
(1883,3703)
(1884,3697)
(1884,3693)
(1885,3689)
(1885,3685)
(1886,3681)
(1886,3678)
(1887,3674)
(1887,3670)
(1888,3666)
(1888,3662)
(1889,3658)
(1889,3655)
(1890,3651)
(1894,3650)
(1897,3649)
(1900,3649)
(1904,3650)
(1912,3649)
(1917,3649)
(1919,3648)
(1921,3649)
(1922,3648)
(1925,3650)
(1928,3650)
(1931,3651)
(1934,3651)
(1937,3650)
(1940,3649)
(1943,3648)
(1946,3647)
(1949,3647)
(1952,3645)
(1955,3644)
(1958,3643)
(1961,3642)
(1964,3641)
(1967,3640)
(1970,3639)
(1973,3639)
(1976,3637)
(1979,3636)
(1984,3635)
(1989,3635)
(2002,3646)
(2005,3651)
(2009,3651)
(2010,3656)
(2011,3657)
(2013,3654)
(2014,3640)
(2018,3632)
(2024,3630)
(2029,3633)
(2048,3630)
(2052,3633)
(2055,3637)
(2057,3641)
(2059,3640)
(2059,3655)
(2064,3650)
(2068,3648)
(2069,3646)
(2071,3645)
(2071,3643)
(2073,3645)
(2074,3651)
(2078,3655)
(2079,3658)
(2084,3659)
(2089,3664)
(2096,3664)
(2101,3667)
(2104,3667)
(2106,3669)
(2108,3668)
(2111,3666)
(2112,3667)
(2114,3666)
(2117,3666)
(2118,3671)
(2124,3672)
(2126,3674)
(2129,3674)
(2131,3677)
(2133,3677)
(2136,3677)
(2138,3677)
(2138,3682)
(2138,3683)
(2136,3682)
(2136,3684)
(2134,3684)
(2133,3687)
(2131,3688)
(2127,3696)
(2125,3708)
(2127,3718)
(2127,3722)
(2120,3729)
(2119,3734)
(2118,3736)
(2113,3737)
(2112,3736)
(2108,3739)
(2117,3748)
(2117,3751)
(2114,3753)
(2113,3757)
(2115,3763)
(2117,3765)
(2125,3779)
(2126,3786)
(2132,3788)
(2133,3786)
(2138,3786)
(2142,3794)
(2146,3789)
(2146,3788)
(2148,3788)
(2150,3786)
(2152,3787)
(2151,3798)
(2152,3802)
(2154,3812)
(2158,3816)
(2159,3827)
(2162,3835)
(2162,3840)
(2160,3844)
(2165,3844)
(2167,3846)
(2170,3851)
(2170,3856)
(2169,3857)
(2173,3860)
(2175,3868)
(2184,3876)
(2190,3878)
(2196,3877)
(2199,3877)
(2216,3888)
(2224,3887)
(2227,3887)
(2235,3904)
(2234,3914)
(2235,3918)
(2235,3933)
(2241,3939)
(2247,3939)
(2251,3941)
(2252,3943)
(2252,3946)
(2254,3947)
(2250,3951)
(2246,3965)
(2242,3970)
(2242,3974)
(2239,3978)
(2241,3985)
(2239,3986)
(2240,3988)
(2242,3991)
(2242,3997)
(2240,4000)
(2242,4006)
(2243,4020)
(2241,4026)
(2239,4026)
(2237,4027)
(2235,4031)
(2231,4035)
(2233,4044)
(2237,4050)
(2236,4052)
(2233,4053)
(2235,4056)
(2234,4064)
(2231,4067)
(2226,4067)
(2224,4073)
(2221,4075)
(2219,4078)
(2216,4080)
(2215,4082)
(2221,4091)
(2220,4095)
(2221,4096)
(2225,4097)
(2226,4098)
(2226,4103)
(2227,4105)
(2229,4105)
(2230,4111)
(2231,4113)
(2232,4118)
(2234,4118)
(2235,4120)
(2236,4120)
(2236,4126)
(2235,4128)
(2235,4129)
(2239,4128)
(2240,4130)
(2239,4132)
(2236,4134)
(2237,4135)
(2239,4133)
(2240,4133)
(2239,4139)
(2235,4142)
(2232,4146)
(2230,4147)
(2226,4155)
(2227,4160)
(2230,4164)
(2232,4165)
(2234,4167)
(2234,4165)
(2238,4165)
(2241,4163)
(2243,4162)
(2247,4163)
(2252,4169)
(2255,4171)
(2254,4179)
(2255,4181)
(2256,4184)
(2255,4188)
(2257,4194)
(2256,4196)
(2255,4197)
(2253,4201)
(2252,4208)
(2252,4210)
(2255,4212)
(2257,4213)
(2257,4215)
(2259,4215)
(2262,4217)
(2269,4215)
(2272,4210)
(2276,4210)
(2275,4212)
(2276,4214)
(2276,4215)
(2278,4215)
(2281,4221)
(2283,4221)
(2286,4225)
(2287,4228)
(2295,4233)
(2297,4235)
(2301,4236)
(2303,4241)
(2304,4240)
(2305,4240)
(2305,4244)
(2307,4246)
(2307,4252)
(2306,4256)
(2307,4257)
(2308,4256)
(2308,4257)
(2307,4261)
(2304,4263)
(2304,4266)
(2303,4269)
(2299,4274)
(2298,4279)
(2295,4282)
(2290,4282)
(2279,4276)
(2275,4275)
(2275,4278)
(2273,4280)
(2277,4291)
(2277,4293)
(2274,4296)
(2269,4295)
(2266,4292)
(2263,4292)
(2253,4290)
(2248,4291)
(2245,4289)
(2242,4290)
(2237,4289)
(2232,4287)
(2225,4286)
(2219,4288)
(2217,4287)
(2211,4292)
(2206,4293)
(2202,4297)
(2201,4301)
(2201,4306)
(2202,4311)
(2216,4333)
(2219,4338)
(2220,4345)
(2220,4352)
(2222,4357)
(2221,4360)
(2224,4360)
(2225,4362)
(2234,4368)
(2235,4373)
(2238,4379)
(2239,4384)
(2244,4389)
(2244,4392)
(2248,4398)
(2247,4402)
(2249,4406)
(2248,4412)
(2246,4417)
(2246,4427)
(2240,4426)
(2239,4424)
(2238,4419)
(2236,4417)
(2234,4418)
(2235,4421)
(2234,4423)
(2233,4424)
(2234,4426)
(2234,4429)
(2236,4432)
(2236,4436)
(2239,4444)
(2240,4452)
(2242,4454)
(2244,4454)
(2244,4459)
(2246,4462)
(2244,4464)
(2244,4469)
(2243,4473)
(2243,4478)
(2244,4481)
(2240,4489)
(2235,4493)
(2234,4494)
(2233,4489)
(2234,4488)
(2238,4485)
(2236,4482)
(2236,4480)
(2234,4479)
(2235,4476)
(2234,4475)
(2234,4471)
(2231,4468)
(2231,4464)
(2230,4463)
(2228,4464)
(2225,4470)
(2222,4472)
(2222,4474)
(2218,4473)
(2221,4469)
(2220,4465)
(2218,4461)
(2214,4455)
(2214,4449)
(2210,4447)
(2209,4442)
(2214,4431)
(2215,4420)
(2214,4415)
(2213,4413)
(2214,4409)
(2213,4402)
(2212,4398)
(2213,4394)
(2213,4386)
(2211,4381)
(2212,4378)
(2210,4372)
(2209,4354)
(2206,4348)
(2205,4339)
(2203,4331)
(2202,4330)
(2200,4332)
(2199,4331)
(2198,4324)
(2195,4324)
(2195,4321)
(2190,4314)
(2189,4308)
(2188,4307)
(2185,4309)
(2184,4308)
(2184,4306)
(2188,4299)
(2188,4298)
(2184,4296)
(2182,4294)
(2180,4295)
(2179,4290)
(2173,4285)
(2172,4280)
(2170,4280)
(2168,4275)
(2166,4274)
(2163,4271)
(2158,4277)
(2157,4283)
(2154,4283)
(2152,4286)
(2147,4290)
(2145,4289)
(2143,4293)
(2137,4291)
(2134,4297)
(2130,4296)
(2125,4299)
(2120,4293)
(2118,4293)
(2112,4300)
(2108,4297)
(2107,4294)
(2105,4292)
(2103,4292)
(2101,4292)
(2097,4290)
(2093,4279)
(2092,4278)
(2089,4277)
(2086,4274)
(2085,4274)
(2084,4271)
(2080,4266)
(2077,4266)
(2074,4265)
(2073,4259)
(2070,4259)
(2068,4260)
(2063,4265)
(2062,4269)
(2061,4270)
(2056,4267)
(2050,4268)
(2047,4265)
(2044,4265)
(2043,4264)
(2042,4260)
(2041,4259)
(2041,4254)
(2039,4255)
(2038,4253)
(2037,4247)
(2038,4220)
(2039,4218)
(2040,4212)
(2041,4210)
(2041,4206)
(2043,4200)
(2042,4194)
(2041,4194)
(2039,4194)
(2036,4192)
(2034,4194)
(2031,4195)
(2029,4197)
(2025,4199)
(2024,4206)
(2024,4208)
(2020,4209)
(2018,4212)
(2016,4212)
(2011,4210)
(2008,4212)
(2008,4214)
(2005,4217)
(2000,4220)
(1992,4209)
(1992,4204)
(1988,4202)
(1988,4198)
(1985,4193)
(1986,4190)
(1988,4187)
(1985,4182)
(1985,4181)
(1985,4175)
(1982,4170)
(1980,4169)
(1972,4171)
(1971,4169)
(1966,4164)
(1964,4166)
(1960,4167)
(1954,4163)
(1952,4157)
(1947,4155)
(1939,4157)
(1929,4156)
(1916,4160)
(1912,4153)
(1906,4150)
(1899,4142)
(1899,4137)
(1897,4136)
(1896,4130)
(1897,4128)
(1900,4127)
(1902,4124)
(1907,4122)
(1907,4117)
(1909,4115)
(1910,4113)
(1908,4107)
(1907,4106)
(1906,4114)
(1904,4112)
(1906,4102)
(1907,4096)
(1909,4094)
(1910,4090)
(1906,4088)
(1904,4085)
(1902,4084)
(1900,4080)
(1898,4079)
(1898,4072)
(1895,4069)
(1892,4063)
(1892,4055)
(1888,4057)
(1886,4057)
(1884,4060)
(1885,4064)
(1884,4067)
(1881,4068)
(1880,4067)
(1880,4063)
(1876,4057)
(1876,4055)
(1873,4043)
(1873,4037)
(1873,4032)
(1875,4030)
(1875,4023)
(1875,4022)
(1879,4023)
(1879,4018)
(1877,4011)
(1873,4008)
(1873,4003)
(1865,4001)
(1859,3995)
(1856,3984)
(1834,3977)
(1831,3978)
(1830,3980)
(1827,3981)
(1818,3979)
(1814,3980)
(1804,3974)
(1803,3975)
(1797,3982)
(1797,3980)
(1794,3979)
(1791,3975)
(1790,3971)
(1789,3967)
(1788,3964)
(1787,3960)
(1786,3956)
(1785,3953)
(1785,3949)
(1784,3946)
(1783,3942)
(1782,3938)
(1781,3935)
(1780,3931)
(1779,3928)
(1778,3924)
(1777,3920)
(1776,3917)
(1775,3913)
(1774,3910)
(1774,3906)
(1772,3902)
(1773,3899)
(1774,3895)
(1774,3891)
(1775,3888)
(1775,3884)
(1775,3880)
(1775,3877)
(1775,3873)
(1775,3870)
(1774,3866)
(1773,3863)
(1772,3859)
(1771,3856)
(1770,3852)
(1767,3850)
(1765,3848)
(1763,3847)
(1764,3844)
(1766,3841)
(1766,3838)
(1767,3834)
(1768,3830)
(1768,3826)
(1769,3823)
(1770,3819)
(1770,3815)
(1770,3812)
(1770,3808)
(1769,3805)
(1769,3801)
(1769,3798)
(1768,3794)
(1768,3790)
(1768,3787)
(1767,3783)
(1767,3779)
(1767,3775)
(1766,3772)
(1766,3768)
(1766,3764)
(1765,3761)
(1765,3757)
(1765,3754)
(1764,3749)
(1765,3746)
(1766,3743)
(1767,3739)
(1768,3735)
(1769,3732)
(1770,3728)
(1771,3724)
(1772,3721)
(1773,3717)
(1774,3713)
(1775,3710)
(1776,3706)
(1777,3703)
(1779,3699)
(1780,3695)
(1781,3692)
(1782,3688)
(1783,3684)
(1784,3681)
(1785,3677)
(1786,3673)
(1787,3670)
(1788,3666)
(1789,3662)
(1790,3659)
(1791,3655)
(1792,3652)