905
(1149,255)
(1148,251)
(1148,248)
(1147,245)
(1146,242)
(1146,238)
(1145,235)
(1145,232)
(1144,228)
(1143,225)
(1143,222)
(1142,219)
(1141,215)
(1141,212)
(1140,209)
(1140,205)
(1139,202)
(1139,200)
(1143,195)
(1144,192)
(1147,188)
(1149,187)
(1154,189)
(1155,192)
(1160,192)
(1163,197)
(1165,196)
(1167,195)
(1171,195)
(1172,193)
(1174,193)
(1189,194)
(1191,189)
(1194,185)
(1197,178)
(1198,169)
(1200,163)
(1200,155)
(1201,154)
(1201,151)
(1203,149)
(1203,145)
(1211,141)
(1214,137)
(1217,132)
(1214,127)
(1213,125)
(1216,119)
(1214,116)
(1214,114)
(1218,113)
(1218,108)
(1225,100)
(1232,100)
(1234,98)
(1238,89)
(1239,82)
(1244,79)
(1244,70)
(1248,70)
(1260,72)
(1266,70)
(1267,69)
(1269,66)
(1270,63)
(1272,60)
(1274,57)
(1276,54)
(1278,51)
(1280,48)
(1282,45)
(1284,42)
(1285,39)
(1287,36)
(1289,33)
(1291,30)
(1293,27)
(1295,24)
(1297,21)
(1298,18)
(1300,15)
(1302,12)
(1304,9)
(1306,6)
(1308,3)
(1310,0)
(1311,-2)
(1313,-5)
(1315,-8)
(1317,-11)
(1320,-14)
(1322,-17)
(1324,-20)
(1326,-23)
(1328,-26)
(1330,-29)
(1332,-32)
(1334,-35)
(1336,-38)
(1338,-41)
(1340,-44)
(1342,-47)
(1344,-50)
(1346,-53)
(1349,-56)
(1351,-60)
(1353,-63)
(1355,-66)
(1357,-69)
(1359,-72)
(1361,-75)
(1363,-78)
(1365,-81)
(1367,-84)
(1369,-87)
(1371,-90)
(1373,-93)
(1375,-96)
(1377,-99)
(1379,-102)
(1381,-105)
(1383,-108)
(1385,-111)
(1388,-114)
(1390,-117)
(1392,-120)
(1394,-123)
(1396,-126)
(1398,-129)
(1400,-133)
(1402,-136)
(1404,-139)
(1406,-142)
(1408,-145)
(1410,-148)
(1412,-151)
(1414,-154)
(1416,-157)
(1418,-160)
(1420,-163)
(1422,-166)
(1424,-170)
(1426,-173)
(1428,-176)
(1430,-179)
(1432,-182)
(1434,-185)
(1436,-188)
(1438,-191)
(1440,-194)
(1442,-197)
(1444,-201)
(1446,-204)
(1448,-207)
(1450,-210)
(1452,-213)
(1454,-216)
(1456,-219)
(1458,-222)
(1460,-225)
(1462,-229)
(1464,-232)
(1466,-235)
(1468,-238)
(1470,-241)
(1472,-244)
(1474,-247)
(1476,-251)
(1478,-254)
(1480,-257)
(1482,-260)
(1484,-263)
(1486,-266)
(1488,-269)
(1490,-273)
(1492,-276)
(1494,-279)
(1496,-282)
(1498,-285)
(1500,-288)
(1500,-288)
(1501,-290)
(1503,-293)
(1505,-296)
(1507,-299)
(1509,-303)
(1511,-306)
(1513,-309)
(1515,-312)
(1517,-315)
(1519,-318)
(1521,-322)
(1523,-325)
(1524,-328)
(1526,-331)
(1528,-334)
(1530,-338)
(1532,-341)
(1534,-344)
(1536,-347)
(1538,-350)
(1540,-354)
(1542,-357)
(1544,-360)
(1546,-363)
(1548,-366)
(1550,-370)
(1552,-373)
(1554,-376)
(1556,-379)
(1557,-383)
(1559,-386)
(1561,-389)
(1563,-392)
(1565,-395)
(1567,-399)
(1569,-402)
(1571,-405)
(1573,-408)
(1575,-412)
(1577,-415)
(1579,-418)
(1581,-421)
(1582,-425)
(1584,-428)
(1586,-431)
(1588,-434)
(1590,-438)
(1592,-441)
(1594,-444)
(1596,-447)
(1598,-451)
(1600,-454)
(1602,-457)
(1603,-461)
(1605,-464)
(1607,-467)
(1609,-470)
(1611,-474)
(1613,-477)
(1615,-480)
(1617,-483)
(1619,-487)
(1620,-490)
(1622,-493)
(1624,-497)
(1626,-500)
(1628,-503)
(1630,-507)
(1632,-510)
(1634,-513)
(1635,-516)
(1637,-520)
(1660,-520)
(1662,-520)
(1666,-520)
(1670,-520)
(1674,-520)
(1678,-520)
(1682,-520)
(1686,-520)
(1690,-520)
(1694,-520)
(1698,-520)
(1701,-520)
(1704,-520)
(1708,-520)
(1712,-520)
(1716,-520)
(1720,-520)
(1723,-520)
(1727,-510)
(1730,-508)
(1731,-505)
(1735,-502)
(1737,-498)
(1743,-490)
(1747,-480)
(1749,-478)
(1755,-468)
(1758,-465)
(1759,-462)
(1763,-459)
(1764,-455)
(1763,-449)
(1764,-446)
(1768,-441)
(1772,-438)
(1778,-427)
(1777,-419)
(1777,-410)
(1774,-402)
(1774,-395)
(1778,-390)
(1785,-389)
(1789,-389)
(1790,-388)
(1788,-384)
(1789,-379)
(1788,-373)
(1791,-369)
(1790,-360)
(1793,-347)
(1794,-332)
(1797,-329)
(1800,-321)
(1806,-313)
(1815,-305)
(1827,-298)
(1830,-295)
(1835,-281)
(1838,-275)
(1838,-268)
(1839,-264)
(1841,-261)
(1846,-250)
(1855,-241)
(1856,-231)
(1856,-223)
(1858,-218)
(1861,-216)
(1866,-216)
(1867,-219)
(1870,-222)
(1871,-224)
(1870,-226)
(1869,-228)
(1870,-230)
(1874,-228)
(1880,-228)
(1884,-223)
(1886,-225)
(1886,-229)
(1889,-231)
(1899,-230)
(1902,-229)
(1903,-221)
(1900,-211)
(1904,-203)
(1905,-196)
(1910,-180)
(1911,-178)
(1914,-177)
(1922,-176)
(1925,-171)
(1925,-164)
(1928,-150)
(1929,-140)
(1927,-106)
(1927,-87)
(1925,-75)
(1926,-71)
(1928,-70)
(1930,-72)
(1930,-73)
(1930,-78)
(1933,-75)
(1938,-74)
(1940,-75)
(1944,-72)
(1945,-67)
(1947,-64)
(1950,-61)
(1960,-76)
(1962,-78)
(1963,-83)
(1976,-93)
(1979,-89)
(1984,-89)
(1986,-93)
(1989,-95)
(1992,-96)
(1994,-99)
(1996,-100)
(2003,-100)
(2011,-96)
(2013,-96)
(2016,-96)
(2019,-99)
(2022,-104)
(2026,-101)
(2033,-103)
(2045,-99)
(2061,-105)
(2063,-108)
(2069,-101)
(2070,-104)
(2077,-111)
(2079,-108)
(2083,-107)
(2085,-105)
(2089,-113)
(2092,-118)
(2096,-120)
(2096,-124)
(2100,-128)
(2101,-131)
(2102,-132)
(2105,-132)
(2105,-132)
(2105,-131)
(2106,-129)
(2104,-124)
(2105,-120)
(2104,-118)
(2107,-107)
(2110,-102)
(2111,-99)
(2114,-96)
(2118,-88)
(2119,-82)
(2123,-76)
(2134,-71)
(2134,-69)
(2138,-64)
(2141,-62)
(2142,-59)
(2143,-56)
(2143,-54)
(2144,-51)
(2146,-49)
(2146,-48)
(2145,-47)
(2145,-43)
(2143,-42)
(2143,-39)
(2143,-37)
(2146,-34)
(2146,-32)
(2150,-29)
(2153,-29)
(2153,-26)
(2154,-22)
(2154,-21)
(2152,-18)
(2150,-18)
(2148,-14)
(2147,-7)
(2150,0)
(2153,3)
(2163,8)
(2167,13)
(2168,18)
(2172,21)
(2173,27)
(2180,39)
(2180,45)
(2183,52)
(2184,55)
(2187,57)
(2189,63)
(2189,69)
(2190,70)
(2190,76)
(2193,81)
(2191,89)
(2192,92)
(2192,94)
(2194,110)
(2194,122)
(2198,140)
(2197,144)
(2196,145)
(2195,154)
(2196,158)
(2201,167)
(2203,170)
(2205,171)
(2208,174)
(2208,176)
(2208,182)
(2205,185)
(2204,188)
(2205,193)
(2207,194)
(2208,193)
(2209,195)
(2207,198)
(2206,209)
(2209,218)
(2213,225)
(2215,233)
(2214,236)
(2213,246)
(2214,249)
(2213,252)
(2214,256)
(2214,263)
(2215,266)
(2214,269)
(2213,273)
(2214,287)
(2206,306)
(2203,305)
(2200,310)
(2199,315)
(2198,320)
(2199,325)
(2202,332)
(2206,335)
(2207,339)
(2209,343)
(2210,346)
(2209,349)
(2210,360)
(2215,374)
(2217,376)
(2219,375)
(2221,376)
(2225,382)
(2225,388)
(2223,393)
(2221,395)
(2220,394)
(2218,396)
(2217,400)
(2217,405)
(2217,407)
(2217,410)
(2216,411)
(2215,412)
(2214,413)
(2213,417)
(2215,424)
(2215,428)
(2215,430)
(2219,435)
(2222,435)
(2224,431)
(2225,433)
(2224,436)
(2225,437)
(2224,440)
(2225,443)
(2223,443)
(2223,444)
(2223,449)
(2219,455)
(2218,458)
(2219,460)
(2217,463)
(2218,466)
(2219,468)
(2216,466)
(2215,467)
(2214,466)
(2213,467)
(2211,476)
(2213,483)
(2216,492)
(2217,494)
(2215,497)
(2215,501)
(2214,507)
(2216,517)
(2216,517)
(2214,517)
(2212,519)
(2210,519)
(2208,513)
(2208,509)
(2208,506)
(2206,505)
(2205,508)
(2205,509)
(2200,507)
(2198,503)
(2196,501)
(2193,492)
(2191,491)
(2189,492)
(2189,498)
(2187,502)
(2181,502)
(2177,500)
(2173,499)
(2169,500)
(2164,498)
(2154,496)
(2149,496)
(2145,497)
(2141,500)
(2132,502)
(2126,499)
(2120,499)
(2117,500)
(2116,506)
(2114,507)
(2112,504)
(2109,503)
(2107,500)
(2101,499)
(2095,496)
(2085,497)
(2081,493)
(2079,495)
(2077,492)
(2075,491)
(2072,487)
(2065,471)
(2063,470)
(2060,469)
(2055,467)
(2052,458)
(2048,455)
(2046,452)
(2033,450)
(2027,451)
(2025,453)
(2021,453)
(2006,463)
(1994,464)
(1992,467)
(1992,472)
(1987,481)
(1987,485)
(1970,498)
(1968,499)
(1964,499)
(1961,500)
(1958,500)
(1954,501)
(1952,501)
(1949,506)
(1947,509)
(1945,513)
(1943,515)
(1941,519)
(1938,523)
(1937,526)
(1934,530)
(1932,533)
(1930,537)
(1928,539)
(1926,543)
(1923,544)
(1920,545)
(1916,546)
(1913,547)
(1910,548)
(1907,548)
(1903,549)
(1900,550)
(1897,551)
(1893,552)
(1890,553)
(1887,554)
(1883,554)
(1880,555)
(1877,556)
(1873,557)
(1870,558)
(1867,559)
(1864,560)
(1860,560)
(1857,561)
(1854,562)
(1850,563)
(1847,564)
(1844,565)
(1840,566)
(1837,566)
(1834,567)
(1831,568)
(1827,569)
(1824,570)
(1821,571)
(1817,571)
(1814,572)
(1814,572)
(1807,558)
(1798,567)
(1787,575)
(1778,580)
(1767,585)
(1749,590)
(1737,592)
(1728,592)
(1723,592)
(1720,591)
(1717,591)
(1713,590)
(1710,590)
(1707,589)
(1704,589)
(1700,588)
(1697,588)
(1695,587)
(1690,589)
(1687,591)
(1684,592)
(1680,594)
(1677,595)
(1671,598)
(1656,593)
(1654,589)
(1650,590)
(1646,587)
(1642,586)
(1639,584)
(1636,585)
(1623,589)
(1614,591)
(1612,596)
(1602,594)
(1600,595)
(1591,592)
(1581,570)
(1578,570)
(1577,567)
(1573,565)
(1572,564)
(1569,564)
(1566,566)
(1564,568)
(1561,570)
(1559,572)
(1556,574)
(1554,576)
(1551,578)
(1549,580)
(1546,582)
(1544,584)
(1541,585)
(1539,588)
(1536,589)
(1534,591)
(1531,593)
(1529,595)
(1526,597)
(1524,599)
(1521,601)
(1519,602)
(1514,602)
(1511,603)
(1508,603)
(1504,603)
(1501,603)
(1498,603)
(1494,603)
(1490,603)
(1485,613)
(1476,615)
(1469,625)
(1469,629)
(1474,643)
(1468,660)
(1467,663)
(1466,667)
(1465,670)
(1464,674)
(1463,677)
(1462,681)
(1461,685)
(1460,688)
(1459,692)
(1458,694)
(1453,696)
(1450,698)
(1447,700)
(1443,702)
(1440,704)
(1436,705)
(1433,707)
(1430,709)
(1426,711)
(1423,713)
(1420,715)
(1416,716)
(1411,719)
(1411,719)
(1410,716)
(1408,712)
(1405,709)
(1403,705)
(1401,702)
(1399,698)
(1397,694)
(1395,691)
(1393,687)
(1391,683)
(1389,680)
(1387,676)
(1385,672)
(1383,669)
(1380,665)
(1378,661)
(1376,658)
(1374,654)
(1372,651)
(1370,647)
(1368,643)
(1366,640)
(1364,636)
(1362,633)
(1360,629)
(1357,625)
(1355,622)
(1353,618)
(1351,614)
(1349,611)
(1347,607)
(1345,604)
(1343,600)
(1341,596)
(1338,593)
(1336,589)
(1334,586)
(1332,582)
(1330,578)
(1328,575)
(1326,571)
(1324,568)
(1321,564)
(1319,561)
(1317,557)
(1315,553)
(1313,550)
(1311,546)
(1309,543)
(1307,539)
(1304,535)
(1302,532)
(1300,528)
(1298,525)
(1296,521)
(1294,518)
(1292,514)
(1289,510)
(1287,507)
(1285,503)
(1283,500)
(1281,496)
(1279,493)
(1277,489)
(1274,486)
(1272,482)
(1270,479)
(1268,475)
(1266,471)
(1264,468)
(1261,464)
(1259,461)
(1257,457)
(1255,454)
(1253,450)
(1251,447)
(1251,447)
(1248,443)
(1245,440)
(1242,436)
(1239,433)
(1236,430)
(1233,426)
(1230,423)
(1227,419)
(1224,416)
(1222,412)
(1219,409)
(1216,406)
(1213,402)
(1210,399)
(1207,395)
(1204,392)
(1201,388)
(1198,385)
(1195,382)
(1192,378)
(1189,375)
(1186,371)
(1183,368)
(1180,365)
(1178,361)
(1175,358)
(1172,354)
(1169,351)
(1166,347)
(1166,344)
(1165,341)
(1165,337)
(1164,334)
(1163,331)
(1163,327)
(1162,324)
(1161,321)
(1161,317)
(1160,314)
(1160,311)
(1159,308)
(1158,304)
(1158,301)
(1157,298)
(1156,294)
(1156,291)
(1155,288)
(1155,284)
(1154,281)
(1153,278)
(1153,275)
(1152,271)
(1151,268)
(1151,265)
(1150,261)
(1149,258)
(1149,255)