802
(2855,455)
(2858,454)
(2860,451)
(2862,451)
(2864,453)
(2867,452)
(2871,454)
(2873,453)
(2874,455)
(2876,455)
(2879,457)
(2883,454)
(2887,455)
(2895,461)
(2898,462)
(2900,465)
(2904,464)
(2909,466)
(2911,468)
(2915,468)
(2919,470)
(2922,477)
(2925,478)
(2925,481)
(2927,482)
(2928,486)
(2934,488)
(2937,491)
(2938,494)
(2939,485)
(2943,477)
(2942,472)
(2943,468)
(2943,466)
(2943,459)
(2945,456)
(2945,452)
(2948,449)
(2949,450)
(2950,449)
(2950,443)
(2949,442)
(2948,439)
(2947,438)
(2948,434)
(2947,432)
(2948,427)
(2949,426)
(2949,425)
(2948,425)
(2947,423)
(2951,422)
(2952,417)
(2953,416)
(2953,411)
(2951,412)
(2950,411)
(2949,410)
(2950,404)
(2951,403)
(2953,404)
(2953,402)
(2957,400)
(2960,394)
(2961,394)
(2962,396)
(2964,392)
(2966,392)
(2968,388)
(2969,385)
(2968,382)
(2972,381)
(2973,382)
(2974,382)
(2978,386)
(2980,385)
(2982,391)
(2984,390)
(2989,391)
(2989,384)
(2991,382)
(2990,379)
(2992,378)
(2993,375)
(2997,373)
(2998,371)
(2997,371)
(3001,368)
(3003,368)
(3004,367)
(3008,368)
(3008,369)
(3010,368)
(3011,371)
(3014,370)
(3016,377)
(3019,379)
(3018,382)
(3020,384)
(3023,381)
(3026,382)
(3028,380)
(3029,381)
(3030,373)
(3033,370)
(3035,374)
(3035,375)
(3037,376)
(3037,370)
(3039,371)
(3043,367)
(3043,362)
(3045,361)
(3046,361)
(3048,359)
(3048,361)
(3051,361)
(3051,364)
(3055,365)
(3056,361)
(3058,361)
(3058,362)
(3059,357)
(3058,353)
(3060,354)
(3063,352)
(3064,354)
(3062,356)
(3062,357)
(3065,360)
(3069,370)
(3070,369)
(3071,370)
(3072,370)
(3070,365)
(3073,364)
(3074,365)
(3082,373)
(3084,373)
(3084,372)
(3088,373)
(3091,372)
(3096,366)
(3099,367)
(3100,362)
(3103,362)
(3104,357)
(3106,359)
(3109,357)
(3110,361)
(3112,363)
(3110,370)
(3111,370)
(3114,367)
(3114,370)
(3112,372)
(3112,377)
(3111,379)
(3111,382)
(3110,382)
(3110,384)
(3112,384)
(3111,388)
(3114,396)
(3115,401)
(3114,403)
(3118,410)
(3121,408)
(3122,401)
(3124,402)
(3125,405)
(3127,406)
(3127,412)
(3130,414)
(3131,417)
(3133,419)
(3134,423)
(3137,422)
(3141,424)
(3143,424)
(3148,419)
(3146,417)
(3148,411)
(3148,405)
(3149,402)
(3153,401)
(3154,406)
(3155,403)
(3158,403)
(3158,404)
(3159,407)
(3158,423)
(3169,424)
(3172,426)
(3176,431)
(3181,433)
(3188,431)
(3192,433)
(3194,432)
(3195,434)
(3198,434)
(3199,437)
(3198,442)
(3199,440)
(3200,423)
(3204,421)
(3210,423)
(3211,426)
(3212,429)
(3214,425)
(3215,426)
(3220,434)
(3221,438)
(3221,448)
(3220,451)
(3222,461)
(3223,478)
(3222,482)
(3218,483)
(3215,487)
(3214,487)
(3214,489)
(3212,490)
(3211,490)
(3210,484)
(3208,484)
(3206,486)
(3207,489)
(3204,492)
(3204,494)
(3206,498)
(3211,499)
(3211,494)
(3212,494)
(3216,495)
(3217,499)
(3217,501)
(3214,503)
(3212,513)
(3208,509)
(3201,510)
(3208,510)
(3212,514)
(3219,509)
(3222,509)
(3231,515)
(3233,516)
(3234,520)
(3231,524)
(3230,528)
(3230,534)
(3230,541)
(3231,541)
(3231,545)
(3232,557)
(3215,574)
(3213,581)
(3212,590)
(3213,589)
(3214,581)
(3217,574)
(3222,572)
(3224,566)
(3229,564)
(3231,560)
(3233,553)
(3234,542)
(3233,539)
(3237,534)
(3239,533)
(3242,530)
(3243,533)
(3241,539)
(3242,540)
(3245,541)
(3247,539)
(3249,539)
(3249,537)
(3247,532)
(3251,529)
(3255,531)
(3256,535)
(3259,538)
(3257,534)
(3258,524)
(3256,521)
(3257,518)
(3260,516)
(3261,517)
(3261,522)
(3262,518)
(3264,518)
(3264,532)
(3267,537)
(3267,540)
(3270,541)
(3276,534)
(3276,529)
(3277,531)
(3281,529)
(3284,521)
(3285,522)
(3290,518)
(3294,520)
(3293,523)
(3295,529)
(3294,535)
(3293,542)
(3292,550)
(3291,553)
(3289,555)
(3288,561)
(3290,564)
(3289,567)
(3288,567)
(3290,571)
(3290,573)
(3292,575)
(3289,575)
(3288,583)
(3286,589)
(3285,592)
(3286,594)
(3288,594)
(3286,598)
(3282,601)
(3282,599)
(3280,596)
(3280,602)
(3273,602)
(3271,599)
(3269,591)
(3267,592)
(3269,607)
(3268,612)
(3266,610)
(3264,612)
(3262,608)
(3259,609)
(3260,611)
(3265,614)
(3265,617)
(3266,620)
(3262,637)
(3259,641)
(3258,646)
(3263,656)
(3262,663)
(3263,668)
(3262,667)
(3261,664)
(3252,666)
(3246,653)
(3246,648)
(3243,645)
(3240,647)
(3239,652)
(3237,654)
(3240,663)
(3241,671)
(3239,672)
(3239,675)
(3236,675)
(3236,678)
(3237,680)
(3234,687)
(3236,689)
(3238,688)
(3241,692)
(3242,691)
(3242,695)
(3246,698)
(3246,697)
(3249,701)
(3249,709)
(3251,725)
(3247,725)
(3246,727)
(3249,726)
(3250,728)
(3251,726)
(3255,732)
(3258,741)
(3269,752)
(3267,753)
(3267,759)
(3267,774)
(3265,775)
(3265,768)
(3266,762)
(3265,760)
(3265,758)
(3264,755)
(3263,756)
(3263,753)
(3262,752)
(3264,748)
(3258,742)
(3255,743)
(3255,747)
(3256,745)
(3257,745)
(3258,749)
(3260,749)
(3261,753)
(3263,754)
(3262,756)
(3265,763)
(3262,761)
(3264,763)
(3262,764)
(3262,766)
(3263,767)
(3261,769)
(3262,773)
(3264,774)
(3266,782)
(3264,782)
(3262,786)
(3260,784)
(3257,787)
(3256,790)
(3255,789)
(3256,791)
(3254,793)
(3254,797)
(3252,798)
(3251,801)
(3250,799)
(3250,804)
(3249,803)
(3249,805)
(3246,807)
(3245,810)
(3247,809)
(3248,818)
(3250,823)
(3249,822)
(3246,828)
(3243,827)
(3242,825)
(3235,835)
(3233,829)
(3231,829)
(3230,831)
(3226,838)
(3224,845)
(3224,851)
(3226,854)
(3224,856)
(3220,857)
(3217,859)
(3213,858)
(3207,863)
(3198,865)
(3196,867)
(3192,863)
(3188,863)
(3183,861)
(3178,849)
(3173,850)
(3171,848)
(3170,849)
(3169,853)
(3166,858)
(3165,861)
(3159,869)
(3157,876)
(3154,878)
(3152,877)
(3149,878)
(3146,875)
(3146,873)
(3143,872)
(3137,875)
(3134,883)
(3127,881)
(3124,886)
(3120,883)
(3117,883)
(3114,882)
(3111,877)
(3109,876)
(3107,879)
(3103,880)
(3100,885)
(3096,886)
(3093,883)
(3092,884)
(3088,897)
(3086,899)
(3081,898)
(3076,902)
(3063,898)
(3056,894)
(3053,889)
(3052,890)
(3049,888)
(3049,883)
(3050,883)
(3051,877)
(3056,879)
(3055,874)
(3059,876)
(3060,874)
(3061,870)
(3063,870)
(3061,869)
(3062,867)
(3061,865)
(3063,858)
(3059,855)
(3059,859)
(3058,858)
(3057,859)
(3056,864)
(3054,864)
(3053,855)
(3051,852)
(3049,844)
(3048,842)
(3049,839)
(3047,837)
(3047,834)
(3045,834)
(3043,832)
(3044,826)
(3042,813)
(3042,812)
(3040,813)
(3039,811)
(3038,811)
(3036,808)
(3037,805)
(3038,803)
(3035,799)
(3034,797)
(3035,795)
(3030,791)
(3031,788)
(3030,782)
(3027,781)
(3025,779)
(3025,776)
(3027,769)
(3026,769)
(3027,767)
(3026,765)
(3024,762)
(3025,760)
(3025,757)
(3024,751)
(3022,749)
(3021,749)
(3019,744)
(3018,744)
(3017,742)
(3014,741)
(3014,740)
(3010,739)
(3011,737)
(3013,737)
(3015,735)
(3016,735)
(3016,732)
(3019,731)
(3019,726)
(3018,727)
(3017,728)
(3015,726)
(3014,729)
(3012,731)
(3010,733)
(3008,732)
(3006,732)
(3005,735)
(3003,736)
(3002,741)
(2999,746)
(2999,748)
(2998,750)
(2996,749)
(2995,753)
(2990,750)
(2990,748)
(2987,748)
(2986,744)
(2984,744)
(2982,747)
(2981,751)
(2978,751)
(2977,754)
(2972,756)
(2971,758)
(2968,758)
(2966,760)
(2964,765)
(2960,768)
(2960,773)
(2961,773)
(2960,778)
(2958,782)
(2956,782)
(2955,785)
(2952,787)
(2950,791)
(2948,791)
(2946,799)
(2943,804)
(2939,804)
(2937,809)
(2939,811)
(2937,818)
(2934,819)
(2933,821)
(2933,824)
(2928,829)
(2927,829)
(2926,830)
(2924,828)
(2922,830)
(2922,829)
(2917,829)
(2915,828)
(2914,825)
(2911,824)
(2914,816)
(2914,814)
(2915,811)
(2914,810)
(2914,808)
(2914,807)
(2914,806)
(2911,807)
(2908,806)
(2906,806)
(2902,804)
(2898,797)
(2898,790)
(2896,781)
(2893,778)
(2892,772)
(2890,770)
(2887,766)
(2885,766)
(2881,771)
(2878,773)
(2876,776)
(2871,781)
(2867,776)
(2863,775)
(2863,779)
(2863,781)
(2861,785)
(2858,786)
(2856,784)
(2855,783)
(2854,784)
(2852,782)
(2850,783)
(2849,781)
(2849,777)
(2853,771)
(2853,769)
(2855,767)
(2857,768)
(2857,770)
(2859,766)
(2860,767)
(2861,760)
(2860,756)
(2859,755)
(2858,751)
(2860,747)
(2861,747)
(2862,747)
(2861,742)
(2862,740)
(2861,735)
(2862,734)
(2865,735)
(2862,731)
(2858,732)
(2857,732)
(2857,720)
(2856,711)
(2855,710)
(2855,701)
(2856,698)
(2855,696)
(2851,694)
(2851,690)
(2851,686)
(2849,683)
(2848,684)
(2847,684)
(2847,680)
(2844,677)
(2844,674)
(2846,674)
(2846,673)
(2844,667)
(2844,659)
(2845,658)
(2846,659)
(2849,655)
(2849,652)
(2851,655)
(2852,653)
(2851,646)
(2853,645)
(2854,636)
(2852,634)
(2852,630)
(2853,628)
(2855,629)
(2855,628)
(2855,626)
(2853,627)
(2850,626)
(2849,628)
(2846,628)
(2843,626)
(2842,623)
(2839,620)
(2837,614)
(2836,610)
(2838,611)
(2839,613)
(2840,612)
(2843,614)
(2843,611)
(2842,609)
(2842,607)
(2842,606)
(2845,604)
(2846,606)
(2850,603)
(2849,600)
(2852,598)
(2853,598)
(2852,595)
(2853,593)
(2852,591)
(2853,589)
(2855,589)
(2856,587)
(2855,585)
(2852,574)
(2859,558)
(2859,550)
(2860,548)
(2861,543)
(2859,533)
(2861,531)
(2862,532)
(2863,529)
(2864,529)
(2863,526)
(2862,528)
(2861,528)
(2862,523)
(2863,524)
(2864,523)
(2866,524)
(2866,521)
(2867,521)
(2868,519)
(2866,518)
(2868,517)
(2868,514)
(2867,514)
(2866,509)
(2863,507)
(2862,504)
(2860,505)
(2860,507)
(2859,508)
(2860,512)
(2860,515)
(2860,517)
(2859,518)
(2859,516)
(2857,516)
(2856,515)
(2857,514)
(2858,511)
(2856,508)
(2855,510)
(2854,500)
(2857,497)
(2857,492)
(2854,485)
(2853,475)
(2855,474)
(2855,469)
(2853,467)
(2853,460)
(2854,457)
(2855,460)
(2856,460)
(2855,455)