1583
(-3143,-4106)
(-3140,-4106)
(-3137,-4130)
(-3132,-4139)
(-3129,-4154)
(-3129,-4168)
(-3120,-4200)
(-3120,-4315)
(-3119,-4316)
(-3118,-4318)
(-3114,-4316)
(-3111,-4318)
(-3104,-4328)
(-3102,-4337)
(-3095,-4340)
(-3095,-4345)
(-3094,-4346)
(-3091,-4345)
(-3089,-4340)
(-3086,-4340)
(-3084,-4339)
(-3078,-4339)
(-3075,-4335)
(-3073,-4336)
(-3070,-4342)
(-3067,-4344)
(-3062,-4340)
(-3062,-4337)
(-3061,-4336)
(-3051,-4335)
(-3045,-4340)
(-3039,-4338)
(-3038,-4341)
(-3037,-4342)
(-3037,-4345)
(-3036,-4350)
(-3037,-4352)
(-3040,-4355)
(-3040,-4358)
(-3037,-4365)
(-3040,-4374)
(-3045,-4381)
(-3046,-4387)
(-3045,-4390)
(-3039,-4390)
(-3034,-4395)
(-3019,-4397)
(-3015,-4400)
(-3008,-4412)
(-3006,-4412)
(-3000,-4408)
(-2995,-4414)
(-2994,-4412)
(-2991,-4412)
(-2987,-4407)
(-2981,-4412)
(-2977,-4411)
(-2972,-4415)
(-2970,-4412)
(-2966,-4412)
(-2963,-4407)
(-2959,-4408)
(-2958,-4388)
(-2957,-4388)
(-2956,-4385)
(-2955,-4390)
(-2953,-4391)
(-2948,-4385)
(-2944,-4385)
(-2939,-4380)
(-2937,-4375)
(-2936,-4365)
(-2928,-4354)
(-2923,-4353)
(-2909,-4356)
(-2907,-4354)
(-2904,-4344)
(-2901,-4342)
(-2901,-4337)
(-2897,-4339)
(-2892,-4338)
(-2885,-4339)
(-2883,-4343)
(-2881,-4344)
(-2880,-4348)
(-2876,-4352)
(-2865,-4347)
(-2856,-4340)
(-2850,-4338)
(-2849,-4341)
(-2848,-4342)
(-2846,-4340)
(-2845,-4338)
(-2845,-4330)
(-2843,-4328)
(-2841,-4325)
(-2836,-4321)
(-2833,-4322)
(-2832,-4322)
(-2832,-4321)
(-2833,-4317)
(-2834,-4315)
(-2833,-4312)
(-2829,-4312)
(-2824,-4320)
(-2823,-4320)
(-2820,-4314)
(-2817,-4318)
(-2811,-4315)
(-2809,-4316)
(-2808,-4315)
(-2807,-4309)
(-2804,-4306)
(-2803,-4302)
(-2801,-4300)
(-2795,-4301)
(-2792,-4300)
(-2783,-4305)
(-2775,-4305)
(-2773,-4306)
(-2772,-4310)
(-2770,-4312)
(-2769,-4314)
(-2768,-4313)
(-2767,-4306)
(-2761,-4300)
(-2758,-4296)
(-2754,-4298)
(-2751,-4306)
(-2747,-4304)
(-2744,-4307)
(-2742,-4306)
(-2739,-4307)
(-2736,-4304)
(-2734,-4305)
(-2733,-4304)
(-2732,-4301)
(-2732,-4292)
(-2730,-4289)
(-2729,-4288)
(-2725,-4290)
(-2722,-4282)
(-2719,-4278)
(-2718,-4278)
(-2713,-4280)
(-2711,-4284)
(-2710,-4287)
(-2699,-4294)
(-2699,-4301)
(-2696,-4305)
(-2696,-4308)
(-2697,-4312)
(-2695,-4318)
(-2694,-4324)
(-2686,-4325)
(-2685,-4323)
(-2687,-4317)
(-2687,-4314)
(-2688,-4310)
(-2685,-4307)
(-2687,-4299)
(-2685,-4290)
(-2688,-4282)
(-2688,-4277)
(-2685,-4273)
(-2679,-4274)
(-2676,-4272)
(-2675,-4268)
(-2672,-4266)
(-2670,-4269)
(-2667,-4269)
(-2666,-4272)
(-2665,-4282)
(-2664,-4285)
(-2665,-4298)
(-2663,-4303)
(-2664,-4306)
(-2664,-4308)
(-2662,-4311)
(-2659,-4308)
(-2656,-4309)
(-2652,-4308)
(-2648,-4311)
(-2646,-4311)
(-2644,-4305)
(-2638,-4299)
(-2635,-4299)
(-2630,-4305)
(-2626,-4304)
(-2627,-4307)
(-2626,-4309)
(-2624,-4308)
(-2621,-4301)
(-2616,-4302)
(-2615,-4306)
(-2613,-4307)
(-2612,-4312)
(-2610,-4311)
(-2608,-4311)
(-2607,-4317)
(-2605,-4315)
(-2603,-4316)
(-2602,-4314)
(-2599,-4314)
(-2598,-4309)
(-2598,-4305)
(-2591,-4304)
(-2590,-4305)
(-2588,-4310)
(-2587,-4319)
(-2586,-4323)
(-2581,-4328)
(-2571,-4326)
(-2563,-4327)
(-2560,-4328)
(-2557,-4327)
(-2555,-4328)
(-2552,-4327)
(-2549,-4322)
(-2546,-4324)
(-2541,-4323)
(-2537,-4328)
(-2533,-4324)
(-2530,-4323)
(-2528,-4321)
(-2528,-4318)
(-2531,-4316)
(-2531,-4315)
(-2528,-4312)
(-2528,-4307)
(-2526,-4304)
(-2522,-4304)
(-2519,-4306)
(-2517,-4306)
(-2512,-4307)
(-2507,-4311)
(-2503,-4311)
(-2499,-4315)
(-2497,-4314)
(-2495,-4310)
(-2491,-4313)
(-2486,-4312)
(-2482,-4314)
(-2475,-4312)
(-2471,-4313)
(-2469,-4311)
(-2464,-4310)
(-2461,-4312)
(-2457,-4310)
(-2454,-4311)
(-2451,-4314)
(-2444,-4317)
(-2438,-4311)
(-2435,-4310)
(-2433,-4311)
(-2425,-4307)
(-2424,-4306)
(-2426,-4303)
(-2420,-4300)
(-2418,-4300)
(-2417,-4302)
(-2418,-4303)
(-2418,-4304)
(-2412,-4309)
(-2411,-4308)
(-2407,-4307)
(-2406,-4308)
(-2405,-4307)
(-2405,-4305)
(-2406,-4300)
(-2401,-4300)
(-2395,-4296)
(-2393,-4297)
(-2391,-4300)
(-2383,-4302)
(-2381,-4301)
(-2378,-4303)
(-2375,-4302)
(-2374,-4300)
(-2377,-4297)
(-2377,-4293)
(-2377,-4291)
(-2376,-4289)
(-2373,-4289)
(-2372,-4292)
(-2369,-4289)
(-2366,-4287)
(-2363,-4288)
(-2360,-4284)
(-2354,-4283)
(-2342,-4285)
(-2335,-4284)
(-2330,-4274)
(-2328,-4274)
(-2328,-4268)
(-2326,-4266)
(-2325,-4263)
(-2325,-4256)
(-2322,-4254)
(-2321,-4252)
(-2318,-4253)
(-2317,-4251)
(-2314,-4249)
(-2311,-4250)
(-2309,-4255)
(-2305,-4258)
(-2294,-4261)
(-2290,-4260)
(-2287,-4261)
(-2284,-4260)
(-2282,-4262)
(-2262,-4271)
(-2257,-4270)
(-2255,-4267)
(-2253,-4268)
(-2248,-4266)
(-2246,-4267)
(-2243,-4270)
(-2238,-4272)
(-2233,-4268)
(-2229,-4268)
(-2227,-4267)
(-2226,-4265)
(-2225,-4267)
(-2220,-4269)
(-2219,-4272)
(-2219,-4269)
(-2217,-4267)
(-2215,-4269)
(-2213,-4268)
(-2212,-4271)
(-2211,-4271)
(-2205,-4268)
(-2201,-4268)
(-2201,-4266)
(-2202,-4264)
(-2201,-4263)
(-2196,-4264)
(-2189,-4262)
(-2189,-4256)
(-2188,-4255)
(-2185,-4254)
(-2184,-4252)
(-2186,-4248)
(-2185,-4242)
(-2183,-4242)
(-2180,-4243)
(-2176,-4242)
(-2175,-4239)
(-2173,-4238)
(-2172,-4235)
(-2169,-4235)
(-2168,-4233)
(-2169,-4231)
(-2170,-4229)
(-2169,-4226)
(-2163,-4222)
(-2158,-4225)
(-2155,-4222)
(-2154,-4225)
(-2150,-4223)
(-2149,-4220)
(-2139,-4225)
(-2136,-4224)
(-2130,-4224)
(-2128,-4226)
(-2123,-4228)
(-2122,-4226)
(-2121,-4225)
(-2119,-4227)
(-2118,-4232)
(-2117,-4234)
(-2115,-4234)
(-2112,-4232)
(-2112,-4227)
(-2109,-4222)
(-2099,-4221)
(-2088,-4216)
(-2087,-4216)
(-2085,-4219)
(-2083,-4215)
(-2075,-4213)
(-2072,-4209)
(-2067,-4206)
(-2065,-4203)
(-2057,-4203)
(-2056,-4198)
(-2057,-4194)
(-2056,-4193)
(-2055,-4190)
(-2054,-4189)
(-2048,-4192)
(-2046,-4191)
(-2038,-4191)
(-2037,-4191)
(-2038,-4193)
(-2037,-4194)
(-2033,-4193)
(-2027,-4194)
(-2026,-4194)
(-2023,-4191)
(-2020,-4193)
(-2015,-4192)
(-2013,-4192)
(-2012,-4190)
(-2007,-4189)
(-2004,-4186)
(-2001,-4188)
(-1997,-4188)
(-1994,-4195)
(-1995,-4197)
(-1998,-4199)
(-1998,-4200)
(-1994,-4202)
(-1990,-4206)
(-1985,-4205)
(-1982,-4206)
(-1980,-4205)
(-1980,-4202)
(-1973,-4199)
(-1971,-4203)
(-1965,-4209)
(-1957,-4210)
(-1955,-4210)
(-1954,-4208)
(-1953,-4209)
(-1949,-4209)
(-1948,-4210)
(-1945,-4214)
(-1941,-4214)
(-1939,-4215)
(-1937,-4219)
(-1933,-4219)
(-1931,-4220)
(-1928,-4219)
(-1927,-4221)
(-1925,-4221)
(-1923,-4223)
(-1922,-4222)
(-1923,-4216)
(-1917,-4214)
(-1913,-4218)
(-1913,-4224)
(-1912,-4226)
(-1908,-4228)
(-1904,-4229)
(-1900,-4232)
(-1894,-4235)
(-1885,-4234)
(-1882,-4233)
(-1879,-4234)
(-1874,-4232)
(-1870,-4232)
(-1866,-4228)
(-1866,-4227)
(-1869,-4225)
(-1867,-4222)
(-1862,-4220)
(-1862,-4215)
(-1858,-4220)
(-1853,-4220)
(-1847,-4218)
(-1843,-4216)
(-1839,-4216)
(-1836,-4213)
(-1830,-4212)
(-1828,-4209)
(-1826,-4208)
(-1822,-4210)
(-1821,-4207)
(-1823,-4204)
(-1824,-4201)
(-1823,-4197)
(-1819,-4194)
(-1813,-4192)
(-1811,-4190)
(-1809,-4190)
(-1807,-4191)
(-1805,-4194)
(-1805,-4198)
(-1798,-4195)
(-1787,-4194)
(-1785,-4195)
(-1783,-4195)
(-1782,-4197)
(-1780,-4198)
(-1773,-4198)
(-1762,-4202)
(-1758,-4202)
(-1756,-4201)
(-1755,-4198)
(-1752,-4199)
(-1750,-4195)
(-1748,-4194)
(-1748,-4190)
(-1746,-4188)
(-1737,-4188)
(-1728,-4183)
(-1723,-4185)
(-1720,-4185)
(-1718,-4183)
(-1716,-4182)
(-1714,-4180)
(-1704,-4179)
(-1699,-4172)
(-1695,-4169)
(-1692,-4169)
(-1691,-4168)
(-1693,-4164)
(-1690,-4163)
(-1687,-4161)
(-1684,-4160)
(-1682,-4158)
(-1680,-4158)
(-1678,-4151)
(-1674,-4149)
(-1664,-4147)
(-1662,-4144)
(-1659,-4145)
(-1656,-4143)
(-1652,-4141)
(-1648,-4140)
(-1645,-4137)
(-1642,-4134)
(-1637,-4132)
(-1634,-4133)
(-1627,-4129)
(-1626,-4127)
(-1626,-4122)
(-1629,-4118)
(-1630,-4115)
(-1626,-4113)
(-1624,-4110)
(-1624,-4106)
(-1623,-4102)
(-1623,-4099)
(-1619,-4099)
(-1615,-4097)
(-1613,-4098)
(-1602,-4106)
(-1595,-4112)
(-1590,-4115)
(-1578,-4114)
(-1571,-4105)
(-1569,-4104)
(-1544,-4110)
(-1540,-4113)
(-1534,-4113)
(-1531,-4116)
(-1527,-4116)
(-1520,-4114)
(-1511,-4110)
(-1508,-4108)
(-1509,-4105)
(-1508,-4101)
(-1507,-4101)
(-1502,-4105)
(-1498,-4106)
(-1496,-4108)
(-1494,-4107)
(-1494,-4110)
(-1492,-4113)
(-1489,-4114)
(-1486,-4114)
(-1480,-4110)
(-1476,-4109)
(-1476,-4108)
(-1477,-4108)
(-1477,-4106)
(-1474,-4106)
(-1470,-4103)
(-1470,-4098)
(-1464,-4095)
(-1441,-4040)
(-1404,-4029)
(-1380,-4020)
(-1369,-4031)
(-1363,-4027)
(-1359,-4021)
(-1351,-4021)
(-1351,-4018)
(-1349,-4016)
(-1346,-4006)
(-1343,-4007)
(-1341,-4006)
(-1334,-4004)
(-1332,-4001)
(-1333,-3998)
(-1332,-3997)
(-1327,-3982)
(-1325,-3979)
(-1325,-3978)
(-1319,-3977)
(-1307,-3974)
(-1307,-3972)
(-1310,-3965)
(-1312,-3962)
(-1315,-3962)
(-1316,-3956)
(-1324,-3949)
(-1327,-3945)
(-1326,-3936)
(-1325,-3935)
(-1326,-3928)
(-1325,-3899)
(-1327,-3897)
(-1328,-3890)
(-1331,-3883)
(-1330,-3880)
(-1333,-3876)
(-1337,-3872)
(-1342,-3874)
(-1343,-3872)
(-1346,-3872)
(-1353,-3866)
(-1359,-3867)
(-1363,-3864)
(-1364,-3862)
(-1372,-3861)
(-1372,-3859)
(-1366,-3857)
(-1365,-3858)
(-1359,-3857)
(-1357,-3855)
(-1354,-3855)
(-1351,-3853)
(-1345,-3848)
(-1341,-3847)
(-1335,-3844)
(-1334,-3842)
(-1330,-3841)
(-1329,-3840)
(-1326,-3840)
(-1324,-3837)
(-1320,-3836)
(-1320,-3824)
(-1322,-3822)
(-1320,-3821)
(-1320,-3769)
(-1328,-3767)
(-1329,-3766)
(-1331,-3761)
(-1334,-3760)
(-1334,-3758)
(-1335,-3757)
(-1338,-3757)
(-1339,-3754)
(-1341,-3752)
(-1343,-3751)
(-1343,-3748)
(-1344,-3748)
(-1347,-3744)
(-1349,-3737)
(-1351,-3737)
(-1352,-3735)
(-1354,-3734)
(-1356,-3736)
(-1358,-3733)
(-1358,-3731)
(-1360,-3732)
(-1361,-3731)
(-1363,-3731)
(-1374,-3722)
(-1381,-3719)
(-1384,-3715)
(-1385,-3711)
(-1389,-3708)
(-1389,-3707)
(-1390,-3707)
(-1391,-3705)
(-1395,-3704)
(-1397,-3700)
(-1398,-3696)
(-1401,-3693)
(-1401,-3691)
(-1402,-3692)
(-1405,-3690)
(-1405,-3687)
(-1407,-3684)
(-1407,-3682)
(-1409,-3678)
(-1411,-3677)
(-1413,-3673)
(-1413,-3671)
(-1416,-3667)
(-1419,-3666)
(-1420,-3667)
(-1425,-3662)
(-1429,-3660)
(-1429,-3655)
(-1432,-3651)
(-1433,-3643)
(-1434,-3641)
(-1433,-3639)
(-1434,-3637)
(-1437,-3634)
(-1437,-3632)
(-1439,-3627)
(-1439,-3622)
(-1442,-3617)
(-1442,-3608)
(-1441,-3602)
(-1461,-3568)
(-1469,-3560)
(-1471,-3555)
(-1476,-3547)
(-1476,-3544)
(-1478,-3542)
(-1481,-3536)
(-1487,-3528)
(-1487,-3523)
(-1489,-3520)
(-1490,-3512)
(-1491,-3507)
(-1498,-3501)
(-1500,-3500)
(-1499,-3498)
(-1497,-3495)
(-1496,-3493)
(-1501,-3487)
(-1501,-3485)
(-1503,-3483)
(-1503,-3480)
(-1505,-3479)
(-1505,-3472)
(-1508,-3470)
(-1511,-3465)
(-1514,-3464)
(-1517,-3461)
(-1520,-3459)
(-1523,-3458)
(-1526,-3453)
(-1534,-3454)
(-1535,-3456)
(-1537,-3457)
(-1536,-3459)
(-1537,-3460)
(-1539,-3461)
(-1540,-3464)
(-1541,-3466)
(-1542,-3466)
(-1544,-3464)
(-1547,-3469)
(-1550,-3468)
(-1553,-3472)
(-1555,-3471)
(-1557,-3474)
(-1558,-3474)
(-1559,-3471)
(-1560,-3472)
(-1564,-3478)
(-1566,-3481)
(-1567,-3485)
(-1569,-3486)
(-1572,-3487)
(-1571,-3489)
(-1574,-3486)
(-1576,-3490)
(-1579,-3490)
(-1586,-3493)
(-1587,-3491)
(-1589,-3492)
(-1592,-3493)
(-1596,-3490)
(-1597,-3492)
(-1599,-3491)
(-1599,-3494)
(-1606,-3495)
(-1606,-3497)
(-1609,-3497)
(-1609,-3500)
(-1609,-3501)
(-1611,-3501)
(-1612,-3499)
(-1613,-3499)
(-1613,-3502)
(-1615,-3505)
(-1616,-3509)
(-1618,-3509)
(-1619,-3508)
(-1621,-3510)
(-1624,-3511)
(-1623,-3512)
(-1624,-3513)
(-1627,-3514)
(-1628,-3517)
(-1629,-3519)
(-1631,-3519)
(-1635,-3516)
(-1639,-3516)
(-1637,-3510)
(-1637,-3500)
(-1636,-3494)
(-1637,-3484)
(-1636,-3479)
(-1638,-3467)
(-1639,-3463)
(-1642,-3457)
(-1643,-3451)
(-1646,-3444)
(-1646,-3438)
(-1648,-3432)
(-1649,-3427)
(-1649,-3424)
(-1646,-3418)
(-1645,-3414)
(-1645,-3412)
(-1650,-3407)
(-1650,-3405)
(-1648,-3400)
(-1647,-3394)
(-1648,-3391)
(-1653,-3387)
(-1655,-3382)
(-1648,-3376)
(-1643,-3376)
(-1642,-3372)
(-1639,-3369)
(-1638,-3363)
(-1639,-3361)
(-1640,-3358)
(-1640,-3354)
(-1641,-3352)
(-1644,-3351)
(-1647,-3346)
(-1646,-3344)
(-1642,-3340)
(-1641,-3336)
(-1639,-3335)
(-1637,-3335)
(-1635,-3334)
(-1630,-3336)
(-1630,-3333)
(-1626,-3332)
(-1626,-3327)
(-1622,-3327)
(-1619,-3325)
(-1616,-3316)
(-1618,-3312)
(-1617,-3308)
(-1612,-3308)
(-1608,-3303)
(-1607,-3297)
(-1601,-3295)
(-1599,-3293)
(-1600,-3289)
(-1599,-3288)
(-1596,-3287)
(-1591,-3288)
(-1586,-3282)
(-1577,-3279)
(-1575,-3280)
(-1572,-3278)
(-1570,-3280)
(-1564,-3278)
(-1559,-3280)
(-1557,-3276)
(-1554,-3277)
(-1549,-3275)
(-1546,-3277)
(-1540,-3279)
(-1539,-3278)
(-1538,-3275)
(-1535,-3276)
(-1534,-3276)
(-1534,-3272)
(-1536,-3272)
(-1536,-3270)
(-1538,-3268)
(-1541,-3266)
(-1541,-3265)
(-1539,-3265)
(-1538,-3264)
(-1535,-3263)
(-1535,-3260)
(-1533,-3259)
(-1533,-3257)
(-1536,-3255)
(-1534,-3254)
(-1535,-3251)
(-1532,-3252)
(-1532,-3249)
(-1530,-3246)
(-1531,-3246)
(-1534,-3247)
(-1536,-3245)
(-1535,-3244)
(-1533,-3244)
(-1534,-3243)
(-1533,-3241)
(-1536,-3238)
(-1539,-3237)
(-1539,-3235)
(-1538,-3234)
(-1539,-3233)
(-1541,-3232)
(-1543,-3233)
(-1548,-3229)
(-1553,-3230)
(-1555,-3229)
(-1557,-3230)
(-1562,-3225)
(-1567,-3224)
(-1572,-3220)
(-1575,-3219)
(-1579,-3220)
(-1582,-3223)
(-1590,-3222)
(-1593,-3224)
(-1594,-3223)
(-1597,-3224)
(-1601,-3224)
(-1603,-3226)
(-1604,-3225)
(-1605,-3224)
(-1606,-3225)
(-1607,-3223)
(-1613,-3222)
(-1621,-3225)
(-1623,-3227)
(-1626,-3228)
(-1627,-3229)
(-1628,-3228)
(-1630,-3230)
(-1627,-3233)
(-1630,-3235)
(-1629,-3237)
(-1632,-3238)
(-1632,-3240)
(-1635,-3243)
(-1637,-3247)
(-1637,-3249)
(-1635,-3250)
(-1635,-3251)
(-1641,-3254)
(-1643,-3254)
(-1644,-3256)
(-1646,-3257)
(-1646,-3259)
(-1644,-3260)
(-1647,-3261)
(-1644,-3264)
(-1645,-3268)
(-1646,-3268)
(-1647,-3267)
(-1648,-3267)
(-1649,-3272)
(-1647,-3275)
(-1652,-3277)
(-1652,-3279)
(-1650,-3280)
(-1652,-3280)
(-1653,-3281)
(-1654,-3287)
(-1653,-3287)
(-1652,-3287)
(-1652,-3289)
(-1657,-3291)
(-1657,-3294)
(-1664,-3295)
(-1668,-3300)
(-1666,-3304)
(-1667,-3305)
(-1671,-3301)
(-1671,-3306)
(-1673,-3308)
(-1671,-3310)
(-1671,-3311)
(-1675,-3315)
(-1675,-3319)
(-1678,-3320)
(-1679,-3323)
(-1682,-3323)
(-1685,-3327)
(-1685,-3329)
(-1684,-3329)
(-1685,-3330)
(-1689,-3334)
(-1689,-3335)
(-1687,-3335)
(-1687,-3337)
(-1690,-3338)
(-1692,-3341)
(-1694,-3346)
(-1696,-3346)
(-1698,-3341)
(-1699,-3340)
(-1701,-3340)
(-1705,-3342)
(-1704,-3343)
(-1702,-3344)
(-1701,-3350)
(-1702,-3353)
(-1705,-3354)
(-1708,-3354)
(-1709,-3357)
(-1710,-3361)
(-1712,-3362)
(-1715,-3361)
(-1716,-3361)
(-1720,-3367)
(-1726,-3372)
(-1727,-3377)
(-1734,-3378)
(-1735,-3380)
(-1738,-3384)
(-1744,-3386)
(-1746,-3391)
(-1750,-3397)
(-1752,-3399)
(-1756,-3399)
(-1761,-3402)
(-1763,-3406)
(-1765,-3407)
(-1769,-3410)
(-1776,-3418)
(-1778,-3418)
(-1786,-3426)
(-1787,-3428)
(-1787,-3434)
(-1789,-3437)
(-1792,-3439)
(-1799,-3440)
(-1802,-3445)
(-1808,-3450)
(-1810,-3453)
(-1811,-3458)
(-1814,-3458)
(-1817,-3458)
(-1821,-3460)
(-1830,-3472)
(-1832,-3473)
(-1836,-3473)
(-1838,-3471)
(-1843,-3469)
(-1853,-3468)
(-1855,-3469)
(-1855,-3472)
(-1856,-3475)
(-1861,-3472)
(-1864,-3471)
(-1869,-3475)
(-1874,-3474)
(-1877,-3476)
(-1880,-3479)
(-1884,-3479)
(-1888,-3485)
(-1889,-3484)
(-1892,-3480)
(-1895,-3479)
(-1907,-3482)
(-1909,-3484)
(-1910,-3490)
(-1913,-3492)
(-1917,-3490)
(-1920,-3489)
(-1926,-3489)
(-1930,-3491)
(-1935,-3486)
(-1939,-3486)
(-1947,-3492)
(-1950,-3493)
(-1954,-3493)
(-1969,-3491)
(-1974,-3488)
(-1979,-3489)
(-1983,-3489)
(-1986,-3492)
(-1985,-3504)
(-1986,-3506)
(-1988,-3505)
(-1995,-3506)
(-1998,-3505)
(-2004,-3510)
(-2011,-3512)
(-2024,-3513)
(-2031,-3508)
(-2037,-3507)
(-2038,-3506)
(-2041,-3507)
(-2043,-3503)
(-2049,-3503)
(-2051,-3503)
(-2056,-3506)
(-2056,-3512)
(-2057,-3514)
(-2061,-3509)
(-2067,-3511)
(-2069,-3509)
(-2073,-3508)
(-2074,-3506)
(-2075,-3502)
(-2080,-3499)
(-2085,-3491)
(-2088,-3480)
(-2090,-3476)
(-2092,-3469)
(-2100,-3455)
(-2103,-3450)
(-2109,-3440)
(-2119,-3431)
(-2125,-3427)
(-2128,-3428)
(-2139,-3437)
(-2147,-3443)
(-2150,-3443)
(-2158,-3443)
(-2161,-3440)
(-2165,-3439)
(-2168,-3436)
(-2171,-3434)
(-2179,-3423)
(-2181,-3416)
(-2183,-3416)
(-2181,-3412)
(-2181,-3406)
(-2179,-3407)
(-2178,-3406)
(-2179,-3404)
(-2185,-3402)
(-2191,-3402)
(-2195,-3400)
(-2214,-3400)
(-2221,-3406)
(-2240,-3421)
(-2244,-3422)
(-2248,-3426)
(-2254,-3431)
(-2259,-3439)
(-2270,-3449)
(-2279,-3452)
(-2282,-3452)
(-2285,-3452)
(-2288,-3455)
(-2292,-3460)
(-2296,-3469)
(-2298,-3471)
(-2299,-3476)
(-2306,-3489)
(-2309,-3499)
(-2311,-3506)
(-2314,-3516)
(-2315,-3523)
(-2316,-3527)
(-2317,-3530)
(-2318,-3534)
(-2320,-3538)
(-2322,-3542)
(-2322,-3546)
(-2322,-3549)
(-2323,-3554)
(-2324,-3558)
(-2325,-3562)
(-2325,-3566)
(-2326,-3570)
(-2326,-3574)
(-2327,-3577)
(-2328,-3581)
(-2329,-3585)
(-2330,-3587)
(-2331,-3593)
(-2331,-3597)
(-2332,-3601)
(-2332,-3606)
(-2333,-3609)
(-2333,-3613)
(-2334,-3617)
(-2335,-3621)
(-2335,-3624)
(-2336,-3629)
(-2336,-3633)
(-2336,-3637)
(-2337,-3641)
(-2338,-3645)
(-2338,-3650)
(-2338,-3661)
(-2340,-3665)
(-2340,-3670)
(-2339,-3683)
(-2341,-3693)
(-2340,-3699)
(-2338,-3704)
(-2339,-3709)
(-2337,-3721)
(-2335,-3725)
(-2331,-3727)
(-2329,-3730)
(-2328,-3743)
(-2329,-3744)
(-2330,-3743)
(-2334,-3742)
(-2333,-3741)
(-2335,-3740)
(-2337,-3740)
(-2338,-3739)
(-2337,-3737)
(-2338,-3736)
(-2339,-3737)
(-2340,-3737)
(-2341,-3740)
(-2343,-3739)
(-2346,-3741)
(-2347,-3740)
(-2350,-3741)
(-2352,-3740)
(-2356,-3736)
(-2355,-3738)
(-2356,-3740)
(-2357,-3730)
(-2359,-3725)
(-2363,-3721)
(-2365,-3724)
(-2361,-3729)
(-2359,-3731)
(-2359,-3737)
(-2361,-3736)
(-2361,-3734)
(-2366,-3729)
(-2368,-3723)
(-2377,-3725)
(-2390,-3727)
(-2392,-3731)
(-2391,-3736)
(-2389,-3738)
(-2391,-3737)
(-2392,-3739)
(-2394,-3738)
(-2403,-3742)
(-2407,-3740)
(-2411,-3741)
(-2413,-3742)
(-2414,-3746)
(-2418,-3749)
(-2428,-3745)
(-2430,-3740)
(-2433,-3738)
(-2434,-3736)
(-2438,-3735)
(-2438,-3738)
(-2436,-3740)
(-2436,-3741)
(-2438,-3740)
(-2439,-3739)
(-2440,-3740)
(-2441,-3740)
(-2439,-3735)
(-2438,-3731)
(-2440,-3734)
(-2444,-3735)
(-2449,-3738)
(-2452,-3739)
(-2454,-3744)
(-2458,-3754)
(-2460,-3757)
(-2462,-3763)
(-2463,-3763)
(-2463,-3768)
(-2465,-3771)
(-2469,-3782)
(-2470,-3794)
(-2469,-3799)
(-2470,-3804)
(-2470,-3828)
(-2468,-3832)
(-2464,-3838)
(-2463,-3843)
(-2460,-3843)
(-2461,-3849)
(-2455,-3865)
(-2450,-3881)
(-2450,-3887)
(-2450,-3893)
(-2449,-3895)
(-2448,-3894)
(-2448,-3891)
(-2449,-3890)
(-2448,-3885)
(-2447,-3884)
(-2446,-3888)
(-2444,-3887)
(-2443,-3896)
(-2444,-3899)
(-2444,-3896)
(-2445,-3896)
(-2446,-3894)
(-2447,-3901)
(-2451,-3908)
(-2460,-3911)
(-2471,-3909)
(-2486,-3904)
(-2491,-3899)
(-2501,-3902)
(-2507,-3899)
(-2518,-3905)
(-2526,-3901)
(-2532,-3892)
(-2532,-3888)
(-2534,-3884)
(-2534,-3880)
(-2535,-3876)
(-2535,-3872)
(-2536,-3868)
(-2539,-3872)
(-2546,-3876)
(-2546,-3875)
(-2546,-3869)
(-2547,-3867)
(-2546,-3862)
(-2545,-3858)
(-2546,-3855)
(-2546,-3847)
(-2542,-3843)
(-2541,-3844)
(-2539,-3842)
(-2537,-3844)
(-2536,-3847)
(-2536,-3858)
(-2534,-3860)
(-2533,-3852)
(-2529,-3839)
(-2526,-3832)
(-2525,-3825)
(-2539,-3815)
(-2557,-3815)
(-2563,-3818)
(-2566,-3818)
(-2569,-3822)
(-2572,-3836)
(-2572,-3841)
(-2573,-3845)
(-2572,-3848)
(-2569,-3852)
(-2567,-3855)
(-2560,-3853)
(-2558,-3852)
(-2557,-3854)
(-2556,-3855)
(-2556,-3858)
(-2553,-3860)
(-2550,-3867)
(-2551,-3877)
(-2553,-3884)
(-2558,-3889)
(-2559,-3895)
(-2560,-3898)
(-2563,-3899)
(-2565,-3901)
(-2568,-3900)
(-2570,-3888)
(-2576,-3876)
(-2576,-3870)
(-2578,-3868)
(-2579,-3865)
(-2577,-3859)
(-2580,-3858)
(-2585,-3869)
(-2589,-3887)
(-2594,-3895)
(-2599,-3902)
(-2604,-3903)
(-2607,-3908)
(-2612,-3912)
(-2615,-3916)
(-2619,-3919)
(-2625,-3920)
(-2626,-3919)
(-2629,-3919)
(-2634,-3916)
(-2637,-3916)
(-2638,-3915)
(-2637,-3913)
(-2640,-3914)
(-2641,-3913)
(-2644,-3914)
(-2646,-3913)
(-2648,-3918)
(-2651,-3919)
(-2653,-3918)
(-2655,-3916)
(-2657,-3916)
(-2659,-3915)
(-2659,-3914)
(-2660,-3914)
(-2666,-3920)
(-2668,-3920)
(-2668,-3917)
(-2669,-3917)
(-2670,-3918)
(-2669,-3922)
(-2671,-3923)
(-2673,-3922)
(-2673,-3923)
(-2672,-3927)
(-2674,-3928)
(-2675,-3931)
(-2678,-3937)
(-2682,-3941)
(-2685,-3942)
(-2687,-3943)
(-2690,-3943)
(-2694,-3932)
(-2695,-3933)
(-2695,-3935)
(-2698,-3936)
(-2699,-3935)
(-2699,-3937)
(-2701,-3936)
(-2702,-3939)
(-2701,-3941)
(-2703,-3941)
(-2701,-3945)
(-2701,-3949)
(-2699,-3951)
(-2700,-3953)
(-2701,-3952)
(-2701,-3957)
(-2698,-3961)
(-2698,-3972)
(-2702,-3977)
(-2702,-3981)
(-2705,-3992)
(-2707,-3992)
(-2709,-3988)
(-2708,-3995)
(-2711,-3991)
(-2712,-3992)
(-2712,-4001)
(-2713,-4011)
(-2715,-4017)
(-2717,-4020)
(-2729,-4030)
(-2732,-4031)
(-2737,-4039)
(-2744,-4040)
(-2744,-4041)
(-2747,-4040)
(-2749,-4045)
(-2756,-4052)
(-2757,-4052)
(-2760,-4055)
(-2765,-4057)
(-2770,-4057)
(-2780,-4054)
(-2786,-4052)
(-2797,-4041)
(-2799,-4035)
(-2802,-4033)
(-2804,-4027)
(-2809,-4023)
(-2810,-4020)
(-2816,-4012)
(-2819,-4009)
(-2822,-4003)
(-2823,-3990)
(-2824,-3982)
(-2825,-3980)
(-2826,-3973)
(-2825,-3970)
(-2826,-3966)
(-2824,-3960)
(-2826,-3954)
(-2829,-3951)
(-2832,-3946)
(-2837,-3946)
(-2840,-3944)
(-2843,-3944)
(-2853,-3945)
(-2866,-3953)
(-2866,-3954)
(-2866,-3961)
(-2869,-3967)
(-2870,-3971)
(-2872,-3977)
(-2872,-3980)
(-2872,-3983)
(-2873,-3979)
(-2868,-3962)
(-2867,-3958)
(-2868,-3955)
(-2869,-3953)
(-2874,-3952)
(-2876,-3947)
(-2877,-3948)
(-2878,-3947)
(-2878,-3950)
(-2877,-3955)
(-2878,-3958)
(-2881,-3956)
(-2883,-3957)
(-2886,-3954)
(-2886,-3964)
(-2889,-3967)
(-2891,-3968)
(-2895,-3977)
(-2897,-3980)
(-2901,-3980)
(-2901,-3987)
(-2904,-3988)
(-2904,-3993)
(-2907,-4000)
(-2914,-4010)
(-2915,-4016)
(-2918,-4025)
(-2921,-4028)
(-2929,-4034)
(-2931,-4039)
(-2933,-4044)
(-2936,-4046)
(-2943,-4055)
(-2947,-4058)
(-2951,-4057)
(-2957,-4064)
(-2959,-4062)
(-2959,-4067)
(-2962,-4068)
(-2963,-4070)
(-2964,-4069)
(-2963,-4063)
(-2956,-4059)
(-2955,-4058)
(-2956,-4056)
(-2975,-4063)
(-2989,-4065)
(-2995,-4068)
(-3004,-4084)
(-3007,-4092)
(-3007,-4100)
(-3004,-4105)
(-2998,-4111)
(-2995,-4112)
(-2989,-4118)
(-2986,-4119)
(-2984,-4124)
(-2986,-4119)
(-2989,-4119)
(-2994,-4115)
(-2997,-4116)
(-2998,-4120)
(-2998,-4131)
(-2999,-4138)
(-3001,-4141)
(-3000,-4135)
(-2999,-4131)
(-3000,-4120)
(-2999,-4115)
(-3000,-4113)
(-3004,-4111)
(-3008,-4102)
(-3009,-4102)
(-3012,-4105)
(-3018,-4129)
(-3023,-4136)
(-3031,-4144)
(-3035,-4146)
(-3045,-4149)
(-3053,-4148)
(-3065,-4165)
(-3060,-4158)
(-3058,-4151)
(-3063,-4149)
(-3070,-4148)
(-3090,-4138)
(-3094,-4138)
(-3094,-4143)
(-3097,-4148)
(-3093,-4157)
(-3093,-4162)
(-3095,-4169)
(-3098,-4177)
(-3096,-4171)
(-3096,-4163)
(-3096,-4155)
(-3099,-4150)
(-3101,-4153)
(-3098,-4143)
(-3097,-4139)
(-3104,-4133)
(-3113,-4128)
(-3121,-4121)
(-3130,-4111)
(-3137,-4104)
(-3140,-4103)
(-3143,-4106)