716
(1315,5342)
(1316,5344)
(1319,5345)
(1325,5343)
(1329,5346)
(1329,5345)
(1331,5344)
(1336,5341)
(1337,5340)
(1338,5341)
(1339,5340)
(1344,5339)
(1345,5340)
(1348,5340)
(1351,5338)
(1353,5336)
(1353,5337)
(1355,5338)
(1358,5337)
(1361,5337)
(1365,5336)
(1367,5338)
(1371,5338)
(1372,5336)
(1376,5334)
(1378,5332)
(1386,5332)
(1387,5335)
(1390,5337)
(1391,5339)
(1392,5339)
(1393,5336)
(1395,5330)
(1393,5328)
(1395,5323)
(1399,5323)
(1402,5325)
(1404,5325)
(1408,5327)
(1410,5328)
(1410,5327)
(1408,5325)
(1410,5324)
(1411,5322)
(1413,5319)
(1415,5318)
(1416,5315)
(1418,5315)
(1419,5314)
(1425,5315)
(1426,5315)
(1429,5316)
(1432,5316)
(1432,5317)
(1432,5320)
(1434,5322)
(1435,5324)
(1439,5325)
(1440,5323)
(1442,5325)
(1442,5324)
(1444,5324)
(1445,5322)
(1450,5323)
(1452,5325)
(1455,5324)
(1459,5321)
(1458,5319)
(1459,5315)
(1459,5310)
(1466,5299)
(1470,5288)
(1471,5287)
(1476,5286)
(1481,5283)
(1483,5284)
(1486,5285)
(1486,5286)
(1489,5287)
(1489,5288)
(1491,5290)
(1495,5288)
(1497,5293)
(1495,5295)
(1493,5296)
(1492,5301)
(1496,5304)
(1500,5305)
(1504,5308)
(1511,5307)
(1512,5310)
(1511,5312)
(1510,5315)
(1512,5317)
(1511,5324)
(1510,5325)
(1510,5328)
(1512,5330)
(1511,5333)
(1510,5336)
(1510,5337)
(1511,5336)
(1512,5336)
(1512,5338)
(1514,5337)
(1517,5341)
(1519,5340)
(1519,5335)
(1520,5334)
(1520,5333)
(1522,5331)
(1524,5329)
(1526,5330)
(1528,5330)
(1531,5328)
(1530,5323)
(1528,5322)
(1530,5317)
(1531,5313)
(1532,5313)
(1532,5311)
(1534,5310)
(1536,5307)
(1540,5307)
(1544,5301)
(1548,5297)
(1549,5295)
(1548,5293)
(1547,5289)
(1548,5288)
(1550,5287)
(1555,5286)
(1556,5287)
(1561,5289)
(1562,5291)
(1564,5291)
(1566,5289)
(1567,5291)
(1569,5291)
(1571,5295)
(1573,5301)
(1577,5301)
(1579,5304)
(1580,5306)
(1582,5307)
(1582,5312)
(1588,5309)
(1589,5303)
(1587,5302)
(1588,5300)
(1595,5302)
(1598,5305)
(1593,5306)
(1592,5309)
(1588,5314)
(1588,5317)
(1585,5319)
(1585,5321)
(1584,5320)
(1583,5322)
(1582,5322)
(1581,5324)
(1579,5324)
(1578,5323)
(1577,5322)
(1577,5320)
(1576,5321)
(1578,5326)
(1577,5328)
(1574,5330)
(1574,5331)
(1574,5332)
(1576,5332)
(1577,5334)
(1577,5336)
(1574,5337)
(1574,5340)
(1574,5343)
(1576,5344)
(1576,5343)
(1576,5342)
(1578,5342)
(1578,5340)
(1580,5340)
(1580,5338)
(1581,5337)
(1582,5335)
(1585,5335)
(1587,5338)
(1584,5342)
(1583,5344)
(1581,5344)
(1580,5348)
(1579,5347)
(1580,5346)
(1579,5345)
(1576,5347)
(1568,5349)
(1567,5354)
(1566,5355)
(1564,5355)
(1564,5357)
(1561,5359)
(1560,5362)
(1562,5364)
(1560,5366)
(1560,5371)
(1558,5373)
(1558,5374)
(1560,5375)
(1562,5375)
(1564,5378)
(1565,5378)
(1566,5375)
(1566,5376)
(1568,5378)
(1568,5376)
(1569,5375)
(1571,5377)
(1570,5379)
(1571,5378)
(1573,5378)
(1574,5381)
(1572,5381)
(1570,5381)
(1569,5384)
(1565,5387)
(1563,5387)
(1559,5389)
(1560,5390)
(1559,5391)
(1557,5389)
(1556,5392)
(1549,5388)
(1546,5390)
(1544,5389)
(1538,5392)
(1531,5391)
(1522,5389)
(1517,5391)
(1517,5393)
(1519,5395)
(1517,5398)
(1513,5407)
(1512,5417)
(1509,5423)
(1509,5426)
(1510,5431)
(1511,5439)
(1510,5441)
(1510,5445)
(1511,5446)
(1509,5449)
(1509,5452)
(1510,5458)
(1512,5465)
(1512,5474)
(1512,5475)
(1510,5480)
(1510,5484)
(1508,5489)
(1509,5493)
(1510,5495)
(1508,5496)
(1508,5499)
(1508,5502)
(1510,5503)
(1509,5505)
(1510,5505)
(1511,5516)
(1510,5519)
(1511,5522)
(1510,5527)
(1509,5529)
(1508,5532)
(1506,5534)
(1505,5540)
(1503,5541)
(1502,5544)
(1498,5545)
(1498,5547)
(1497,5547)
(1496,5549)
(1493,5550)
(1492,5549)
(1491,5543)
(1494,5538)
(1494,5535)
(1493,5535)
(1489,5536)
(1485,5535)
(1478,5532)
(1474,5531)
(1471,5528)
(1466,5528)
(1464,5527)
(1462,5525)
(1463,5518)
(1462,5518)
(1460,5520)
(1459,5519)
(1461,5517)
(1460,5515)
(1456,5516)
(1449,5514)
(1451,5510)
(1454,5510)
(1454,5505)
(1449,5505)
(1449,5502)
(1453,5499)
(1449,5498)
(1447,5498)
(1446,5497)
(1445,5492)
(1447,5485)
(1446,5482)
(1443,5483)
(1440,5482)
(1439,5481)
(1440,5479)
(1438,5476)
(1434,5474)
(1431,5475)
(1426,5473)
(1424,5470)
(1422,5470)
(1421,5472)
(1419,5471)
(1420,5470)
(1418,5470)
(1413,5472)
(1411,5472)
(1409,5475)
(1402,5477)
(1402,5479)
(1400,5477)
(1399,5478)
(1388,5480)
(1385,5481)
(1384,5483)
(1385,5484)
(1392,5483)
(1396,5484)
(1396,5486)
(1394,5487)
(1393,5487)
(1393,5488)
(1392,5488)
(1391,5490)
(1385,5492)
(1384,5491)
(1383,5493)
(1380,5493)
(1379,5494)
(1378,5496)
(1377,5497)
(1379,5499)
(1380,5503)
(1382,5507)
(1384,5507)
(1385,5509)
(1396,5506)
(1405,5511)
(1406,5513)
(1407,5516)
(1410,5518)
(1415,5518)
(1420,5516)
(1424,5517)
(1424,5518)
(1419,5522)
(1419,5524)
(1424,5528)
(1424,5530)
(1423,5532)
(1419,5532)
(1419,5533)
(1423,5535)
(1423,5536)
(1422,5537)
(1418,5537)
(1416,5537)
(1413,5538)
(1406,5539)
(1402,5542)
(1397,5543)
(1393,5541)
(1386,5542)
(1383,5543)
(1376,5543)
(1373,5547)
(1371,5548)
(1370,5547)
(1366,5548)
(1363,5551)
(1356,5552)
(1353,5552)
(1351,5553)
(1332,5555)
(1330,5556)
(1328,5556)
(1328,5554)
(1319,5556)
(1313,5557)
(1308,5556)
(1298,5556)
(1288,5557)
(1278,5560)
(1275,5556)
(1278,5555)
(1283,5553)
(1281,5549)
(1282,5546)
(1286,5545)
(1288,5542)
(1285,5539)
(1285,5536)
(1282,5535)
(1280,5532)
(1278,5532)
(1274,5533)
(1271,5532)
(1268,5532)
(1267,5532)
(1264,5535)
(1256,5535)
(1253,5538)
(1248,5540)
(1245,5540)
(1245,5539)
(1257,5532)
(1261,5531)
(1270,5522)
(1278,5522)
(1287,5517)
(1291,5520)
(1294,5520)
(1296,5521)
(1298,5520)
(1300,5521)
(1299,5519)
(1301,5518)
(1301,5517)
(1307,5517)
(1308,5516)
(1307,5514)
(1311,5515)
(1316,5515)
(1327,5511)
(1327,5510)
(1331,5509)
(1333,5510)
(1336,5510)
(1336,5509)
(1334,5509)
(1334,5507)
(1343,5505)
(1349,5502)
(1356,5497)
(1359,5496)
(1367,5487)
(1368,5486)
(1372,5489)
(1374,5488)
(1375,5489)
(1374,5487)
(1373,5488)
(1371,5487)
(1366,5485)
(1366,5483)
(1370,5481)
(1373,5480)
(1371,5479)
(1367,5480)
(1369,5479)
(1369,5477)
(1368,5475)
(1369,5468)
(1370,5466)
(1369,5466)
(1369,5461)
(1372,5456)
(1373,5450)
(1376,5446)
(1374,5448)
(1373,5448)
(1373,5446)
(1374,5444)
(1378,5441)
(1381,5437)
(1386,5434)
(1389,5435)
(1396,5439)
(1400,5438)
(1401,5436)
(1403,5435)
(1409,5435)
(1411,5438)
(1410,5435)
(1415,5434)
(1416,5430)
(1414,5428)
(1415,5431)
(1412,5434)
(1408,5434)
(1406,5433)
(1404,5431)
(1408,5417)
(1412,5410)
(1417,5406)
(1421,5394)
(1424,5392)
(1428,5387)
(1434,5386)
(1437,5383)
(1438,5383)
(1439,5385)
(1440,5380)
(1438,5381)
(1436,5381)
(1434,5383)
(1430,5383)
(1429,5381)
(1429,5377)
(1431,5367)
(1437,5361)
(1437,5355)
(1435,5353)
(1433,5356)
(1433,5362)
(1431,5366)
(1427,5370)
(1428,5378)
(1426,5383)
(1426,5387)
(1422,5391)
(1415,5397)
(1414,5398)
(1415,5400)
(1416,5403)
(1415,5406)
(1412,5408)
(1406,5409)
(1403,5411)
(1407,5411)
(1408,5411)
(1403,5421)
(1405,5421)
(1401,5428)
(1400,5432)
(1398,5433)
(1396,5433)
(1391,5430)
(1389,5431)
(1388,5432)
(1387,5432)
(1386,5431)
(1386,5427)
(1382,5426)
(1381,5423)
(1378,5432)
(1377,5433)
(1376,5437)
(1374,5439)
(1374,5440)
(1373,5440)
(1370,5436)
(1369,5433)
(1369,5427)
(1371,5424)
(1370,5423)
(1367,5425)
(1368,5427)
(1367,5428)
(1365,5427)
(1363,5429)
(1357,5430)
(1353,5434)
(1348,5435)
(1347,5437)
(1342,5437)
(1336,5436)
(1334,5434)
(1333,5434)
(1331,5430)
(1325,5427)
(1324,5426)
(1325,5422)
(1320,5419)
(1315,5417)
(1312,5414)
(1311,5415)
(1310,5415)
(1308,5412)
(1307,5409)
(1308,5406)
(1310,5405)
(1311,5406)
(1314,5407)
(1314,5406)
(1310,5404)
(1310,5402)
(1310,5401)
(1312,5402)
(1317,5401)
(1319,5404)
(1322,5405)
(1325,5407)
(1324,5405)
(1320,5403)
(1320,5400)
(1323,5399)
(1320,5397)
(1322,5395)
(1327,5395)
(1331,5394)
(1337,5393)
(1342,5395)
(1347,5399)
(1348,5399)
(1345,5396)
(1343,5394)
(1345,5392)
(1341,5393)
(1336,5390)
(1330,5392)
(1325,5392)
(1324,5388)
(1322,5391)
(1318,5391)
(1315,5393)
(1313,5393)
(1312,5390)
(1310,5389)
(1310,5386)
(1311,5385)
(1309,5384)
(1311,5380)
(1314,5380)
(1315,5379)
(1311,5377)
(1307,5382)
(1306,5382)
(1305,5379)
(1306,5376)
(1305,5375)
(1303,5376)
(1302,5376)
(1302,5375)
(1303,5373)
(1309,5371)
(1313,5374)
(1316,5374)
(1319,5373)
(1326,5376)
(1332,5374)
(1334,5376)
(1340,5377)
(1336,5375)
(1334,5375)
(1332,5373)
(1327,5375)
(1319,5373)
(1319,5372)
(1321,5371)
(1325,5372)
(1331,5369)
(1336,5370)
(1337,5368)
(1333,5368)
(1331,5368)
(1328,5368)
(1326,5369)
(1328,5370)
(1325,5371)
(1323,5371)
(1322,5369)
(1318,5371)
(1315,5371)
(1314,5371)
(1313,5369)
(1311,5367)
(1307,5368)
(1306,5368)
(1303,5365)
(1303,5364)
(1304,5362)
(1306,5362)
(1310,5362)
(1312,5363)
(1314,5363)
(1318,5361)
(1313,5361)
(1312,5359)
(1309,5359)
(1309,5357)
(1305,5358)
(1301,5356)
(1300,5358)
(1298,5354)
(1299,5352)
(1303,5353)
(1309,5351)
(1307,5349)
(1309,5346)
(1311,5346)
(1315,5345)
(1321,5345)
(1323,5344)
(1327,5344)
(1328,5343)
(1325,5342)
(1321,5344)
(1316,5344)
(1315,5342)