4740
(2950,5270)
(2947,5272)
(2941,5272)
(2936,5268)
(2935,5263)
(2934,5262)
(2932,5264)
(2931,5269)
(2928,5270)
(2925,5277)
(2925,5279)
(2923,5279)
(2921,5285)
(2919,5285)
(2917,5281)
(2914,5279)
(2910,5278)
(2910,5285)
(2907,5292)
(2908,5300)
(2907,5302)
(2905,5302)
(2902,5307)
(2903,5312)
(2901,5314)
(2898,5319)
(2894,5316)
(2894,5319)
(2891,5321)
(2889,5325)
(2884,5331)
(2875,5334)
(2876,5350)
(2879,5358)
(2881,5357)
(2882,5362)
(2881,5376)
(2878,5375)
(2874,5379)
(2872,5384)
(2869,5386)
(2868,5393)
(2869,5397)
(2871,5397)
(2872,5399)
(2870,5404)
(2864,5407)
(2861,5418)
(2859,5421)
(2857,5421)
(2850,5427)
(2844,5428)
(2843,5431)
(2839,5430)
(2836,5432)
(2833,5433)
(2825,5440)
(2824,5442)
(2820,5444)
(2819,5450)
(2817,5454)
(2813,5454)
(2811,5457)
(2809,5455)
(2805,5460)
(2805,5459)
(2804,5462)
(2800,5463)
(2790,5461)
(2788,5457)
(2783,5454)
(2778,5454)
(2767,5460)
(2761,5461)
(2758,5459)
(2752,5451)
(2746,5446)
(2736,5440)
(2729,5440)
(2719,5442)
(2712,5454)
(2712,5470)
(2706,5489)
(2705,5500)
(2703,5506)
(2703,5519)
(2700,5537)
(2700,5574)
(2701,5588)
(2700,5591)
(2699,5596)
(2699,5602)
(2696,5610)
(2695,5617)
(2691,5625)
(2681,5636)
(2680,5640)
(2681,5648)
(2671,5662)
(2671,5668)
(2667,5675)
(2661,5680)
(2660,5683)
(2660,5692)
(2655,5702)
(2656,5724)
(2655,5724)
(2651,5720)
(2642,5719)
(2641,5720)
(2639,5731)
(2621,5740)
(2604,5751)
(2598,5754)
(2594,5754)
(2589,5759)
(2572,5782)
(2564,5783)
(2563,5783)
(2562,5812)
(2560,5827)
(2557,5838)
(2557,5847)
(2560,5854)
(2557,5880)
(2556,5904)
(2553,5927)
(2552,5945)
(2551,5960)
(2553,5968)
(2553,5979)
(2555,5995)
(2559,6002)
(2559,6006)
(2559,6011)
(2558,6015)
(2561,6018)
(2561,6022)
(2561,6027)
(2561,6031)
(2561,6035)
(2561,6039)
(2561,6044)
(2561,6048)
(2560,6053)
(2559,6057)
(2559,6061)
(2558,6065)
(2557,6069)
(2556,6073)
(2555,6077)
(2555,6081)
(2554,6086)
(2553,6090)
(2552,6094)
(2552,6098)
(2551,6102)
(2551,6107)
(2548,6110)
(2532,6124)
(2529,6131)
(2527,6142)
(2526,6152)
(2520,6181)
(2514,6197)
(2508,6229)
(2508,6248)
(2509,6259)
(2511,6269)
(2511,6273)
(2497,6272)
(2492,6296)
(2504,6312)
(2504,6314)
(2506,6320)
(2513,6335)
(2520,6352)
(2525,6371)
(2531,6386)
(2537,6410)
(2541,6437)
(2544,6438)
(2547,6449)
(2545,6455)
(2545,6458)
(2544,6474)
(2548,6495)
(2546,6500)
(2546,6515)
(2544,6531)
(2547,6539)
(2546,6559)
(2547,6561)
(2547,6571)
(2549,6572)
(2549,6574)
(2553,6581)
(2559,6597)
(2559,6608)
(2560,6608)
(2566,6624)
(2572,6630)
(2574,6634)
(2581,6641)
(2585,6642)
(2587,6646)
(2599,6660)
(2605,6674)
(2607,6680)
(2610,6686)
(2610,6694)
(2620,6707)
(2620,6715)
(2622,6718)
(2627,6719)
(2634,6714)
(2639,6708)
(2644,6700)
(2651,6693)
(2658,6689)
(2659,6686)
(2661,6685)
(2666,6686)
(2674,6693)
(2681,6694)
(2700,6707)
(2706,6720)
(2705,6730)
(2705,6746)
(2699,6752)
(2696,6755)
(2690,6770)
(2691,6776)
(2690,6780)
(2687,6794)
(2688,6809)
(2685,6816)
(2692,6827)
(2692,6831)
(2696,6835)
(2696,6844)
(2702,6850)
(2705,6855)
(2713,6868)
(2724,6875)
(2726,6886)
(2723,6896)
(2724,6911)
(2724,6923)
(2727,6942)
(2733,6949)
(2741,6963)
(2741,6968)
(2743,6972)
(2748,6977)
(2754,6974)
(2759,6977)
(2768,6984)
(2775,6995)
(2777,6996)
(2779,7004)
(2781,7007)
(2781,7009)
(2784,7010)
(2782,7026)
(2783,7041)
(2788,7042)
(2791,7046)
(2795,7045)
(2796,7057)
(2795,7057)
(2791,7061)
(2792,7069)
(2795,7071)
(2797,7074)
(2799,7083)
(2801,7087)
(2802,7091)
(2805,7100)
(2803,7108)
(2804,7118)
(2802,7122)
(2802,7126)
(2804,7127)
(2806,7131)
(2806,7133)
(2804,7134)
(2805,7139)
(2799,7145)
(2800,7155)
(2796,7159)
(2798,7167)
(2797,7175)
(2795,7178)
(2796,7181)
(2800,7184)
(2800,7190)
(2798,7192)
(2800,7194)
(2806,7193)
(2813,7194)
(2816,7191)
(2819,7191)
(2822,7188)
(2827,7186)
(2837,7174)
(2838,7171)
(2845,7161)
(2846,7159)
(2849,7160)
(2852,7148)
(2860,7147)
(2862,7148)
(2868,7127)
(2877,7112)
(2880,7106)
(2881,7101)
(2880,7097)
(2882,7093)
(2882,7090)
(2880,7082)
(2880,7078)
(2881,7074)
(2882,7070)
(2880,7067)
(2877,7061)
(2858,7043)
(2868,7028)
(2872,7015)
(2873,7008)
(2870,6986)
(2872,6975)
(2867,6964)
(2860,6958)
(2873,6935)
(2891,6929)
(2896,6950)
(2911,6949)
(2928,6967)
(2932,6963)
(2935,6965)
(2937,6967)
(2940,6969)
(2943,6971)
(2946,6973)
(2949,6975)
(2951,6976)
(2954,6978)
(2957,6980)
(2960,6982)
(2963,6984)
(2965,6986)
(2968,6988)
(2971,6990)
(2974,6992)
(2976,6994)
(2979,6995)
(2982,6997)
(2985,6999)
(2988,7001)
(2990,7003)
(2983,7018)
(2979,7030)
(2978,7037)
(2977,7050)
(2971,7067)
(2970,7072)
(2973,7074)
(2976,7082)
(2979,7087)
(2980,7090)
(2984,7094)
(2987,7102)
(2989,7103)
(2989,7108)
(2994,7112)
(2997,7118)
(2997,7123)
(2999,7135)
(2999,7144)
(3001,7154)
(3006,7160)
(3010,7161)
(3016,7160)
(3019,7162)
(3021,7161)
(3021,7151)
(3022,7151)
(3022,7148)
(3024,7148)
(3025,7150)
(3025,7152)
(3027,7155)
(3036,7157)
(3038,7162)
(3040,7163)
(3041,7167)
(3045,7170)
(3048,7171)
(3050,7170)
(3053,7172)
(3054,7171)
(3056,7174)
(3058,7175)
(3060,7180)
(3064,7185)
(3069,7186)
(3070,7187)
(3072,7185)
(3073,7189)
(3076,7189)
(3077,7192)
(3080,7195)
(3082,7193)
(3083,7197)
(3086,7199)
(3090,7199)
(3093,7203)
(3097,7203)
(3100,7206)
(3100,7211)
(3106,7219)
(3110,7224)
(3110,7228)
(3113,7229)
(3113,7233)
(3114,7234)
(3115,7239)
(3119,7243)
(3123,7242)
(3124,7245)
(3127,7247)
(3134,7246)
(3138,7239)
(3140,7237)
(3146,7241)
(3152,7243)
(3158,7226)
(3157,7223)
(3157,7217)
(3155,7211)
(3155,7204)
(3157,7202)
(3162,7203)
(3166,7202)
(3168,7207)
(3168,7210)
(3171,7216)
(3181,7229)
(3186,7238)
(3191,7243)
(3194,7250)
(3196,7250)
(3197,7252)
(3197,7262)
(3197,7264)
(3196,7268)
(3197,7274)
(3199,7280)
(3200,7290)
(3203,7300)
(3203,7304)
(3205,7309)
(3205,7318)
(3205,7321)
(3205,7326)
(3208,7330)
(3208,7335)
(3209,7339)
(3206,7345)
(3207,7357)
(3207,7369)
(3209,7378)
(3210,7389)
(3213,7396)
(3211,7407)
(3210,7409)
(3213,7410)
(3212,7413)
(3210,7412)
(3212,7415)
(3213,7417)
(3210,7422)
(3208,7433)
(3206,7439)
(3204,7441)
(3200,7447)
(3202,7451)
(3202,7455)
(3195,7460)
(3193,7464)
(3191,7470)
(3191,7479)
(3190,7482)
(3188,7482)
(3188,7488)
(3185,7491)
(3186,7494)
(3190,7493)
(3192,7504)
(3192,7510)
(3185,7528)
(3182,7530)
(3183,7534)
(3183,7537)
(3181,7539)
(3179,7544)
(3177,7543)
(3175,7539)
(3173,7539)
(3174,7550)
(3173,7552)
(3171,7552)
(3166,7558)
(3167,7563)
(3166,7566)
(3165,7566)
(3164,7562)
(3161,7564)
(3159,7559)
(3157,7559)
(3154,7561)
(3154,7563)
(3155,7564)
(3152,7571)
(3151,7573)
(3148,7572)
(3148,7576)
(3143,7580)
(3138,7579)
(3137,7586)
(3134,7580)
(3132,7579)
(3130,7588)
(3128,7593)
(3122,7591)
(3122,7588)
(3120,7586)
(3116,7588)
(3114,7591)
(3105,7598)
(3104,7600)
(3103,7602)
(3102,7603)
(3100,7602)
(3098,7604)
(3096,7600)
(3094,7600)
(3092,7608)
(3090,7609)
(3087,7607)
(3085,7607)
(3084,7614)
(3083,7615)
(3080,7614)
(3080,7609)
(3076,7609)
(3075,7611)
(3074,7613)
(3075,7614)
(3076,7613)
(3078,7612)
(3080,7617)
(3078,7619)
(3077,7618)
(3071,7614)
(3063,7616)
(3058,7622)
(3055,7628)
(3047,7633)
(3044,7638)
(3041,7637)
(3034,7642)
(3028,7637)
(3025,7641)
(3019,7640)
(3012,7655)
(3008,7654)
(3003,7649)
(2999,7649)
(2995,7652)
(2990,7650)
(2988,7652)
(2985,7660)
(2980,7661)
(2978,7666)
(2975,7669)
(2975,7674)
(2976,7677)
(2975,7680)
(2972,7686)
(2972,7693)
(2973,7696)
(2972,7700)
(2974,7702)
(2975,7710)
(2974,7717)
(2977,7720)
(2975,7723)
(2974,7727)
(2972,7728)
(2970,7725)
(2968,7725)
(2969,7731)
(2968,7734)
(2967,7735)
(2966,7740)
(2962,7743)
(2961,7746)
(2963,7752)
(2963,7755)
(2961,7759)
(2961,7762)
(2964,7762)
(2965,7763)
(2965,7769)
(2963,7772)
(2958,7773)
(2956,7776)
(2957,7781)
(2956,7783)
(2952,7784)
(2950,7786)
(2949,7791)
(2947,7790)
(2945,7795)
(2942,7794)
(2940,7799)
(2932,7813)
(2932,7817)
(2934,7825)
(2933,7828)
(2931,7831)
(2933,7837)
(2932,7840)
(2931,7840)
(2928,7838)
(2916,7831)
(2914,7837)
(2911,7837)
(2909,7838)
(2910,7844)
(2909,7846)
(2905,7844)
(2901,7846)
(2900,7849)
(2897,7850)
(2895,7846)
(2891,7845)
(2888,7840)
(2886,7840)
(2883,7841)
(2874,7853)
(2868,7857)
(2863,7856)
(2862,7859)
(2860,7866)
(2862,7870)
(2864,7876)
(2864,7885)
(2863,7892)
(2860,7893)
(2859,7895)
(2860,7897)
(2862,7901)
(2860,7909)
(2861,7912)
(2860,7915)
(2862,7920)
(2862,7930)
(2865,7941)
(2863,7952)
(2864,7955)
(2868,7955)
(2872,7960)
(2876,7959)
(2877,7960)
(2877,7965)
(2876,7966)
(2877,7970)
(2880,7973)
(2882,7981)
(2886,7985)
(2887,7993)
(2886,7999)
(2886,8004)
(2884,8009)
(2884,8011)
(2886,8012)
(2890,8016)
(2891,8022)
(2895,8025)
(2896,8033)
(2896,8039)
(2898,8041)
(2899,8043)
(2900,8051)
(2902,8055)
(2903,8065)
(2901,8069)
(2902,8074)
(2898,8077)
(2896,8084)
(2894,8081)
(2886,8080)
(2884,8075)
(2880,8073)
(2877,8076)
(2874,8076)
(2872,8080)
(2868,8081)
(2864,8086)
(2862,8086)
(2858,8081)
(2854,8080)
(2850,8074)
(2848,8073)
(2846,8069)
(2845,8059)
(2841,8054)
(2839,8051)
(2835,8049)
(2832,8052)
(2830,8051)
(2828,8053)
(2827,8053)
(2825,8052)
(2825,8048)
(2818,8044)
(2815,8044)
(2809,8041)
(2806,8043)
(2800,8041)
(2797,8039)
(2794,8034)
(2792,8034)
(2788,8031)
(2786,8031)
(2785,8034)
(2784,8036)
(2782,8035)
(2781,8033)
(2780,8032)
(2779,8035)
(2778,8033)
(2775,8034)
(2774,8031)
(2773,8031)
(2772,8030)
(2773,8028)
(2772,8027)
(2769,8025)
(2769,8021)
(2764,8023)
(2756,8020)
(2756,8017)
(2754,8016)
(2752,8015)
(2753,8013)
(2753,8011)
(2750,8010)
(2750,8009)
(2748,8008)
(2747,8010)
(2746,8009)
(2744,8009)
(2742,8007)
(2741,8009)
(2740,8009)
(2739,8007)
(2737,8008)
(2736,8005)
(2734,8005)
(2734,8002)
(2730,7991)
(2727,7989)
(2715,7986)
(2710,7988)
(2707,7987)
(2703,7982)
(2701,7976)
(2703,7970)
(2704,7966)
(2705,7961)
(2706,7957)
(2707,7952)
(2708,7948)
(2709,7944)
(2710,7939)
(2711,7935)
(2712,7930)
(2713,7926)
(2714,7921)
(2717,7916)
(2720,7914)
(2721,7912)
(2720,7910)
(2713,7905)
(2713,7900)
(2712,7899)
(2710,7898)
(2708,7899)
(2707,7899)
(2699,7889)
(2698,7888)
(2698,7880)
(2695,7876)
(2695,7873)
(2696,7868)
(2695,7864)
(2693,7864)
(2692,7863)
(2690,7857)
(2687,7860)
(2685,7863)
(2682,7864)
(2681,7866)
(2677,7867)
(2674,7868)
(2671,7869)
(2667,7870)
(2664,7871)
(2661,7872)
(2658,7873)
(2655,7874)
(2652,7875)
(2648,7876)
(2645,7877)
(2643,7878)
(2642,7875)
(2638,7874)
(2635,7875)
(2629,7872)
(2624,7873)
(2622,7872)
(2620,7873)
(2617,7872)
(2616,7873)
(2613,7871)
(2612,7872)
(2607,7878)
(2604,7879)
(2602,7876)
(2596,7876)
(2592,7871)
(2589,7873)
(2588,7873)
(2582,7866)
(2578,7866)
(2576,7868)
(2575,7867)
(2574,7863)
(2571,7861)
(2571,7852)
(2573,7849)
(2571,7847)
(2570,7846)
(2570,7838)
(2565,7826)
(2563,7824)
(2562,7825)
(2561,7828)
(2561,7832)
(2557,7836)
(2555,7837)
(2553,7834)
(2550,7834)
(2545,7836)
(2543,7839)
(2539,7839)
(2537,7841)
(2545,7836)
(2546,7834)
(2548,7834)
(2549,7833)
(2556,7831)
(2556,7828)
(2553,7828)
(2553,7827)
(2553,7826)
(2556,7826)
(2556,7823)
(2563,7815)
(2574,7815)
(2575,7806)
(2578,7808)
(2579,7806)
(2577,7803)
(2579,7797)
(2580,7795)
(2579,7793)
(2578,7794)
(2578,7791)
(2575,7791)
(2571,7788)
(2562,7785)
(2560,7787)
(2559,7786)
(2558,7785)
(2557,7785)
(2556,7786)
(2554,7784)
(2549,7784)
(2546,7782)
(2546,7780)
(2547,7776)
(2546,7775)
(2545,7776)
(2544,7774)
(2542,7772)
(2546,7767)
(2546,7762)
(2547,7761)
(2546,7760)
(2545,7761)
(2545,7758)
(2543,7758)
(2542,7754)
(2541,7753)
(2540,7754)
(2539,7754)
(2539,7751)
(2538,7753)
(2534,7751)
(2534,7752)
(2533,7753)
(2528,7747)
(2528,7744)
(2526,7742)
(2525,7737)
(2521,7736)
(2523,7724)
(2521,7721)
(2522,7718)
(2521,7716)
(2520,7714)
(2520,7710)
(2520,7708)
(2522,7705)
(2522,7700)
(2520,7684)
(2515,7684)
(2508,7686)
(2506,7688)
(2502,7690)
(2499,7696)
(2495,7698)
(2485,7692)
(2482,7687)
(2484,7686)
(2483,7685)
(2483,7683)
(2485,7683)
(2484,7681)
(2485,7681)
(2487,7680)
(2485,7679)
(2487,7676)
(2486,7674)
(2486,7672)
(2484,7671)
(2485,7659)
(2484,7658)
(2486,7653)
(2488,7652)
(2488,7636)
(2490,7637)
(2490,7634)
(2491,7633)
(2491,7631)
(2492,7630)
(2491,7628)
(2492,7626)
(2495,7631)
(2496,7628)
(2497,7626)
(2498,7626)
(2499,7622)
(2500,7622)
(2501,7625)
(2504,7622)
(2506,7616)
(2508,7616)
(2507,7614)
(2504,7611)
(2504,7608)
(2502,7607)
(2504,7602)
(2503,7601)
(2502,7603)
(2500,7600)
(2500,7597)
(2498,7596)
(2497,7594)
(2494,7595)
(2490,7593)
(2486,7590)
(2481,7592)
(2480,7590)
(2482,7590)
(2481,7587)
(2476,7582)
(2474,7581)
(2473,7579)
(2469,7577)
(2466,7571)
(2465,7567)
(2463,7568)
(2461,7566)
(2460,7566)
(2460,7564)
(2458,7564)
(2456,7562)
(2455,7559)
(2454,7561)
(2453,7556)
(2454,7555)
(2454,7553)
(2452,7549)
(2453,7546)
(2452,7544)
(2452,7542)
(2449,7539)
(2448,7539)
(2446,7541)
(2445,7537)
(2446,7536)
(2447,7535)
(2446,7533)
(2443,7533)
(2443,7528)
(2440,7528)
(2440,7525)
(2437,7524)
(2438,7522)
(2438,7520)
(2439,7519)
(2439,7517)
(2437,7515)
(2436,7515)
(2435,7509)
(2433,7505)
(2432,7502)
(2431,7500)
(2428,7503)
(2427,7502)
(2427,7495)
(2429,7493)
(2425,7490)
(2422,7485)
(2418,7483)
(2417,7477)
(2415,7473)
(2413,7473)
(2406,7462)
(2404,7461)
(2401,7462)
(2399,7461)
(2398,7458)
(2396,7457)
(2395,7455)
(2390,7448)
(2391,7445)
(2389,7439)
(2390,7437)
(2390,7436)
(2389,7434)
(2390,7422)
(2392,7419)
(2395,7419)
(2389,7416)
(2387,7416)
(2386,7414)
(2387,7413)
(2387,7409)
(2384,7408)
(2384,7405)
(2384,7404)
(2389,7405)
(2389,7404)
(2387,7403)
(2387,7399)
(2388,7397)
(2388,7395)
(2389,7394)
(2385,7396)
(2385,7393)
(2384,7392)
(2383,7393)
(2383,7395)
(2382,7396)
(2381,7393)
(2380,7393)
(2379,7389)
(2381,7387)
(2382,7386)
(2381,7385)
(2380,7383)
(2381,7381)
(2380,7378)
(2378,7380)
(2377,7378)
(2377,7377)
(2377,7376)
(2377,7371)
(2373,7366)
(2373,7363)
(2371,7361)
(2372,7359)
(2369,7357)
(2368,7355)
(2369,7353)
(2367,7353)
(2365,7348)
(2365,7344)
(2361,7338)
(2359,7336)
(2359,7335)
(2356,7334)
(2352,7327)
(2350,7326)
(2349,7330)
(2346,7323)
(2344,7323)
(2344,7320)
(2342,7318)
(2343,7313)
(2340,7315)
(2342,7312)
(2342,7310)
(2339,7314)
(2337,7312)
(2337,7310)
(2338,7308)
(2341,7306)
(2342,7304)
(2341,7303)
(2340,7304)
(2341,7300)
(2340,7298)
(2339,7300)
(2337,7299)
(2336,7295)
(2335,7300)
(2334,7303)
(2332,7302)
(2332,7295)
(2328,7289)
(2329,7281)
(2328,7279)
(2327,7278)
(2328,7274)
(2327,7273)
(2326,7274)
(2323,7271)
(2324,7268)
(2326,7267)
(2327,7268)
(2330,7267)
(2331,7267)
(2334,7269)
(2334,7265)
(2335,7266)
(2337,7268)
(2337,7271)
(2336,7274)
(2338,7277)
(2338,7280)
(2339,7281)
(2340,7279)
(2343,7282)
(2341,7285)
(2341,7287)
(2345,7300)
(2347,7301)
(2351,7298)
(2350,7297)
(2351,7295)
(2353,7296)
(2354,7298)
(2355,7296)
(2356,7301)
(2358,7304)
(2360,7304)
(2362,7307)
(2362,7312)
(2364,7316)
(2365,7315)
(2364,7315)
(2363,7311)
(2364,7303)
(2363,7302)
(2362,7303)
(2362,7292)
(2363,7289)
(2371,7286)
(2371,7281)
(2370,7278)
(2371,7277)
(2371,7273)
(2372,7274)
(2376,7279)
(2376,7285)
(2378,7288)
(2379,7288)
(2377,7292)
(2379,7292)
(2381,7293)
(2381,7290)
(2384,7287)
(2387,7289)
(2389,7288)
(2392,7293)
(2392,7296)
(2395,7300)
(2396,7302)
(2395,7306)
(2397,7308)
(2400,7313)
(2401,7313)
(2401,7310)
(2402,7313)
(2406,7316)
(2408,7320)
(2411,7319)
(2411,7321)
(2414,7326)
(2418,7327)
(2421,7331)
(2423,7333)
(2425,7332)
(2426,7335)
(2430,7338)
(2434,7335)
(2436,7329)
(2442,7329)
(2441,7327)
(2445,7323)
(2447,7315)
(2449,7312)
(2456,7310)
(2459,7312)
(2457,7308)
(2453,7307)
(2451,7305)
(2450,7296)
(2450,7293)
(2453,7291)
(2454,7289)
(2453,7287)
(2455,7286)
(2456,7283)
(2456,7281)
(2454,7277)
(2455,7276)
(2454,7275)
(2456,7271)
(2452,7267)
(2452,7265)
(2449,7265)
(2450,7260)
(2449,7258)
(2447,7258)
(2446,7256)
(2444,7256)
(2444,7260)
(2443,7262)
(2442,7259)
(2441,7256)
(2440,7250)
(2436,7248)
(2431,7241)
(2428,7240)
(2428,7237)
(2427,7236)
(2425,7236)
(2424,7233)
(2422,7232)
(2422,7235)
(2421,7236)
(2418,7230)
(2415,7230)
(2412,7227)
(2411,7219)
(2408,7214)
(2402,7197)
(2399,7192)
(2398,7188)
(2397,7186)
(2394,7175)
(2392,7171)
(2388,7171)
(2387,7167)
(2383,7161)
(2375,7157)
(2376,7155)
(2374,7152)
(2373,7153)
(2374,7155)
(2372,7154)
(2374,7156)
(2367,7154)
(2365,7156)
(2364,7155)
(2360,7148)
(2358,7147)
(2356,7143)
(2354,7144)
(2348,7135)
(2347,7133)
(2351,7138)
(2350,7133)
(2351,7133)
(2351,7132)
(2353,7132)
(2351,7130)
(2349,7125)
(2349,7122)
(2351,7121)
(2351,7120)
(2351,7116)
(2350,7112)
(2347,7110)
(2342,7099)
(2344,7098)
(2344,7095)
(2347,7094)
(2351,7090)
(2353,7083)
(2352,7073)
(2349,7068)
(2347,7065)
(2346,7063)
(2344,7064)
(2341,7064)
(2339,7065)
(2339,7062)
(2337,7062)
(2328,7055)
(2321,7052)
(2316,7053)
(2306,7059)
(2301,7063)
(2297,7067)
(2295,7070)
(2295,7074)
(2291,7078)
(2291,7081)
(2289,7082)
(2289,7084)
(2288,7085)
(2289,7087)
(2289,7091)
(2287,7099)
(2288,7101)
(2287,7106)
(2284,7113)
(2286,7115)
(2288,7117)
(2289,7131)
(2285,7130)
(2283,7132)
(2283,7135)
(2282,7137)
(2273,7142)
(2269,7141)
(2267,7142)
(2263,7146)
(2260,7144)
(2260,7142)
(2256,7138)
(2241,7136)
(2236,7138)
(2236,7141)
(2233,7143)
(2229,7154)
(2227,7164)
(2229,7185)
(2235,7193)
(2236,7194)
(2240,7191)
(2242,7191)
(2246,7204)
(2250,7211)
(2256,7218)
(2259,7219)
(2261,7213)
(2261,7222)
(2264,7226)
(2265,7233)
(2267,7237)
(2267,7239)
(2270,7244)
(2269,7250)
(2270,7252)
(2269,7256)
(2267,7256)
(2264,7260)
(2263,7261)
(2262,7269)
(2259,7268)
(2258,7268)
(2255,7269)
(2254,7273)
(2255,7281)
(2256,7282)
(2258,7281)
(2258,7282)
(2255,7286)
(2255,7283)
(2253,7283)
(2251,7287)
(2248,7289)
(2247,7292)
(2245,7294)
(2246,7300)
(2247,7299)
(2248,7298)
(2247,7295)
(2249,7298)
(2248,7301)
(2248,7316)
(2247,7317)
(2245,7317)
(2245,7320)
(2248,7319)
(2252,7321)
(2252,7324)
(2254,7324)
(2253,7325)
(2253,7327)
(2253,7328)
(2251,7329)
(2249,7327)
(2245,7330)
(2245,7331)
(2247,7334)
(2247,7336)
(2245,7337)
(2245,7339)
(2245,7345)
(2245,7348)
(2244,7352)
(2244,7354)
(2245,7357)
(2245,7361)
(2244,7362)
(2242,7361)
(2242,7358)
(2241,7354)
(2239,7355)
(2238,7355)
(2239,7353)
(2236,7353)
(2231,7357)
(2231,7354)
(2229,7355)
(2229,7349)
(2226,7348)
(2229,7348)
(2229,7347)
(2226,7346)
(2224,7347)
(2222,7344)
(2220,7345)
(2221,7346)
(2221,7352)
(2215,7352)
(2214,7350)
(2215,7351)
(2216,7351)
(2215,7344)
(2214,7344)
(2213,7346)
(2211,7345)
(2211,7343)
(2210,7342)
(2209,7339)
(2210,7332)
(2213,7331)
(2214,7336)
(2216,7330)
(2220,7331)
(2220,7329)
(2216,7328)
(2217,7326)
(2215,7325)
(2214,7322)
(2217,7322)
(2219,7323)
(2218,7320)
(2220,7317)
(2219,7315)
(2218,7315)
(2216,7317)
(2216,7316)
(2213,7307)
(2210,7303)
(2209,7299)
(2210,7301)
(2210,7300)
(2209,7297)
(2204,7297)
(2206,7295)
(2205,7294)
(2206,7293)
(2205,7292)
(2206,7289)
(2207,7290)
(2207,7293)
(2210,7296)
(2210,7297)
(2210,7293)
(2208,7290)
(2209,7289)
(2210,7287)
(2207,7288)
(2205,7287)
(2205,7283)
(2203,7282)
(2202,7284)
(2203,7280)
(2201,7272)
(2197,7265)
(2196,7263)
(2198,7262)
(2195,7262)
(2195,7257)
(2196,7256)
(2197,7256)
(2199,7250)
(2197,7245)
(2195,7245)
(2194,7244)
(2192,7245)
(2192,7247)
(2195,7249)
(2196,7251)
(2194,7253)
(2193,7255)
(2192,7255)
(2192,7258)
(2190,7256)
(2187,7257)
(2187,7254)
(2185,7254)
(2182,7252)
(2183,7251)
(2185,7251)
(2187,7250)
(2188,7247)
(2188,7246)
(2185,7242)
(2182,7241)
(2179,7243)
(2179,7242)
(2180,7240)
(2179,7238)
(2173,7241)
(2168,7241)
(2167,7238)
(2166,7235)
(2167,7234)
(2165,7232)
(2165,7228)
(2163,7226)
(2162,7221)
(2164,7217)
(2165,7219)
(2166,7218)
(2170,7221)
(2173,7221)
(2173,7219)
(2176,7218)
(2176,7217)
(2173,7217)
(2172,7217)
(2171,7218)
(2170,7216)
(2172,7213)
(2173,7213)
(2172,7208)
(2173,7207)
(2173,7205)
(2172,7205)
(2171,7207)
(2168,7205)
(2167,7205)
(2164,7210)
(2159,7211)
(2160,7214)
(2158,7214)
(2161,7217)
(2159,7218)
(2158,7218)
(2156,7213)
(2153,7210)
(2156,7211)
(2154,7208)
(2154,7206)
(2152,7203)
(2149,7201)
(2145,7201)
(2143,7199)
(2145,7197)
(2145,7195)
(2144,7194)
(2142,7196)
(2141,7194)
(2137,7194)
(2136,7191)
(2137,7190)
(2139,7190)
(2135,7186)
(2134,7185)
(2137,7185)
(2137,7184)
(2135,7179)
(2120,7171)
(2119,7166)
(2113,7163)
(2107,7162)
(2104,7157)
(2104,7153)
(2101,7152)
(2094,7152)
(2091,7150)
(2087,7152)
(2085,7151)
(2083,7152)
(2085,7153)
(2086,7154)
(2085,7159)
(2086,7161)
(2085,7163)
(2085,7166)
(2082,7169)
(2080,7168)
(2076,7172)
(2073,7178)
(2072,7179)
(2071,7184)
(2068,7188)
(2067,7196)
(2062,7205)
(2059,7215)
(2054,7216)
(2049,7220)
(2045,7221)
(2042,7222)
(2034,7225)
(2032,7224)
(2031,7226)
(2028,7227)
(2026,7227)
(2024,7230)
(2019,7230)
(2019,7229)
(2018,7229)
(2015,7232)
(2010,7236)
(2008,7238)
(1999,7240)
(1997,7242)
(1996,7245)
(1995,7244)
(1993,7245)
(1992,7244)
(1990,7247)
(1987,7248)
(1986,7248)
(1986,7249)
(1981,7249)
(1981,7250)
(1982,7252)
(1981,7254)
(1978,7253)
(1969,7254)
(1968,7254)
(1967,7251)
(1962,7252)
(1963,7250)
(1958,7250)
(1954,7258)
(1952,7265)
(1950,7266)
(1950,7268)
(1949,7271)
(1948,7272)
(1947,7277)
(1943,7284)
(1941,7285)
(1937,7284)
(1935,7285)
(1934,7282)
(1932,7283)
(1930,7283)
(1930,7286)
(1927,7286)
(1926,7289)
(1927,7292)
(1921,7304)
(1915,7310)
(1908,7312)
(1904,7314)
(1901,7313)
(1901,7310)
(1903,7299)
(1905,7295)
(1907,7291)
(1909,7289)
(1910,7287)
(1912,7277)
(1910,7270)
(1912,7265)
(1910,7259)
(1911,7257)
(1913,7257)
(1914,7255)
(1921,7249)
(1926,7237)
(1925,7234)
(1926,7230)
(1925,7226)
(1917,7217)
(1916,7213)
(1917,7206)
(1920,7200)
(1927,7195)
(1929,7194)
(1932,7195)
(1932,7193)
(1937,7191)
(1940,7186)
(1939,7182)
(1941,7179)
(1941,7177)
(1938,7181)
(1933,7179)
(1931,7177)
(1932,7179)
(1934,7182)
(1933,7184)
(1932,7187)
(1930,7186)
(1927,7186)
(1924,7192)
(1921,7192)
(1919,7194)
(1915,7206)
(1914,7211)
(1914,7214)
(1917,7219)
(1917,7225)
(1919,7227)
(1921,7226)
(1921,7230)
(1919,7236)
(1920,7241)
(1919,7243)
(1912,7247)
(1909,7247)
(1909,7246)
(1910,7244)
(1911,7243)
(1909,7243)
(1905,7252)
(1905,7258)
(1903,7262)
(1903,7265)
(1897,7274)
(1890,7279)
(1887,7285)
(1883,7290)
(1882,7291)
(1881,7296)
(1879,7300)
(1873,7305)
(1858,7313)
(1855,7314)
(1851,7312)
(1851,7308)
(1852,7302)
(1851,7294)
(1849,7288)
(1846,7283)
(1842,7281)
(1840,7273)
(1838,7269)
(1836,7268)
(1834,7260)
(1833,7258)
(1829,7256)
(1825,7256)
(1824,7254)
(1822,7255)
(1820,7248)
(1820,7245)
(1823,7241)
(1824,7227)
(1822,7223)
(1818,7221)
(1817,7219)
(1818,7216)
(1817,7214)
(1812,7209)
(1813,7212)
(1816,7215)
(1813,7218)
(1813,7222)
(1817,7225)
(1819,7228)
(1819,7231)
(1814,7234)
(1810,7234)
(1807,7237)
(1805,7241)
(1805,7246)
(1804,7248)
(1806,7246)
(1806,7240)
(1809,7238)
(1808,7240)
(1807,7242)
(1808,7250)
(1818,7269)
(1818,7277)
(1815,7284)
(1811,7289)
(1807,7292)
(1806,7294)
(1804,7294)
(1802,7297)
(1801,7297)
(1798,7301)
(1798,7307)
(1796,7309)
(1795,7313)
(1793,7315)
(1793,7322)
(1794,7327)
(1793,7328)
(1791,7324)
(1786,7313)
(1782,7310)
(1775,7303)
(1775,7302)
(1774,7302)
(1773,7293)
(1770,7291)
(1773,7290)
(1771,7288)
(1771,7287)
(1770,7287)
(1767,7286)
(1765,7286)
(1765,7287)
(1768,7288)
(1769,7290)
(1767,7289)
(1767,7291)
(1764,7288)
(1764,7289)
(1765,7292)
(1769,7294)
(1770,7301)
(1771,7302)
(1771,7301)
(1772,7303)
(1771,7303)
(1771,7306)
(1769,7305)
(1768,7305)
(1769,7308)
(1771,7309)
(1772,7311)
(1773,7309)
(1773,7304)
(1774,7304)
(1775,7306)
(1776,7308)
(1776,7311)
(1778,7314)
(1777,7316)
(1776,7316)
(1775,7319)
(1773,7318)
(1773,7316)
(1772,7317)
(1771,7314)
(1770,7317)
(1769,7316)
(1766,7318)
(1765,7317)
(1764,7317)
(1765,7314)
(1763,7313)
(1762,7315)
(1760,7315)
(1760,7316)
(1759,7316)
(1759,7314)
(1758,7315)
(1758,7314)
(1756,7315)
(1756,7317)
(1757,7319)
(1755,7319)
(1755,7317)
(1753,7318)
(1753,7316)
(1752,7317)
(1751,7314)
(1750,7311)
(1751,7309)
(1752,7308)
(1755,7310)
(1756,7309)
(1757,7310)
(1758,7308)
(1759,7310)
(1759,7307)
(1762,7308)
(1762,7306)
(1761,7306)
(1756,7306)
(1752,7305)
(1752,7303)
(1751,7300)
(1752,7299)
(1756,7299)
(1758,7299)
(1758,7298)
(1758,7297)
(1752,7298)
(1751,7297)
(1757,7295)
(1758,7294)
(1756,7294)
(1756,7291)
(1755,7292)
(1752,7290)
(1751,7290)
(1750,7289)
(1752,7288)
(1750,7287)
(1750,7285)
(1749,7285)
(1749,7286)
(1748,7286)
(1748,7288)
(1746,7284)
(1746,7288)
(1746,7298)
(1743,7297)
(1744,7293)
(1743,7292)
(1741,7292)
(1741,7293)
(1743,7293)
(1743,7299)
(1742,7299)
(1741,7301)
(1740,7299)
(1738,7299)
(1737,7303)
(1735,7301)
(1735,7298)
(1737,7295)
(1735,7295)
(1737,7292)
(1737,7290)
(1736,7289)
(1734,7292)
(1734,7296)
(1733,7298)
(1730,7297)
(1730,7299)
(1729,7300)
(1728,7298)
(1728,7300)
(1726,7297)
(1723,7297)
(1722,7290)
(1723,7279)
(1725,7278)
(1726,7274)
(1728,7273)
(1729,7270)
(1730,7269)
(1730,7268)
(1728,7270)
(1728,7273)
(1725,7274)
(1724,7277)
(1722,7278)
(1720,7275)
(1722,7280)
(1720,7289)
(1713,7291)
(1710,7294)
(1709,7291)
(1709,7294)
(1706,7294)
(1704,7296)
(1701,7295)
(1700,7299)
(1697,7298)
(1695,7294)
(1697,7295)
(1698,7294)
(1700,7291)
(1700,7287)
(1698,7286)
(1698,7284)
(1696,7284)
(1696,7285)
(1695,7285)
(1693,7282)
(1691,7281)
(1691,7283)
(1688,7281)
(1692,7275)
(1697,7275)
(1699,7272)
(1701,7273)
(1702,7276)
(1701,7273)
(1703,7270)
(1701,7270)
(1700,7268)
(1698,7266)
(1697,7265)
(1698,7261)
(1696,7263)
(1696,7266)
(1694,7267)
(1690,7265)
(1689,7261)
(1687,7259)
(1683,7259)
(1680,7257)
(1679,7256)
(1679,7248)
(1682,7242)
(1682,7236)
(1686,7235)
(1687,7234)
(1684,7235)
(1682,7235)
(1681,7242)
(1678,7244)
(1677,7250)
(1676,7251)
(1672,7250)
(1671,7248)
(1665,7244)
(1663,7243)
(1665,7238)
(1663,7240)
(1660,7239)
(1659,7240)
(1656,7238)
(1655,7234)
(1650,7236)
(1650,7239)
(1649,7241)
(1647,7240)
(1646,7238)
(1642,7238)
(1644,7233)
(1643,7233)
(1641,7232)
(1640,7230)
(1639,7233)
(1637,7232)
(1636,7231)
(1634,7232)
(1633,7230)
(1632,7231)
(1630,7228)
(1631,7228)
(1633,7228)
(1633,7226)
(1633,7225)
(1630,7225)
(1634,7223)
(1635,7218)
(1636,7218)
(1637,7219)
(1638,7218)
(1639,7219)
(1638,7217)
(1639,7216)
(1638,7216)
(1638,7214)
(1637,7215)
(1636,7213)
(1637,7212)
(1635,7212)
(1634,7210)
(1633,7211)
(1633,7212)
(1634,7213)
(1635,7215)
(1633,7218)
(1634,7221)
(1633,7222)
(1631,7221)
(1631,7223)
(1629,7225)
(1629,7223)
(1628,7225)
(1627,7222)
(1626,7222)
(1626,7223)
(1626,7222)
(1627,7217)
(1628,7215)
(1626,7215)
(1626,7216)
(1623,7217)
(1624,7215)
(1623,7215)
(1622,7213)
(1622,7215)
(1620,7215)
(1619,7213)
(1619,7212)
(1619,7209)
(1618,7214)
(1616,7214)
(1615,7213)
(1616,7207)
(1614,7207)
(1613,7206)
(1614,7202)
(1613,7204)
(1612,7201)
(1609,7202)
(1609,7204)
(1607,7207)
(1605,7206)
(1604,7206)
(1604,7208)
(1603,7209)
(1602,7206)
(1599,7207)
(1599,7208)
(1598,7208)
(1597,7205)
(1598,7205)
(1597,7201)
(1596,7200)
(1597,7197)
(1593,7196)
(1591,7193)
(1591,7192)
(1592,7190)
(1594,7190)
(1594,7191)
(1596,7191)
(1599,7199)
(1602,7199)
(1603,7200)
(1603,7202)
(1604,7202)
(1606,7203)
(1607,7205)
(1607,7200)
(1608,7196)
(1605,7196)
(1602,7194)
(1599,7194)
(1599,7192)
(1599,7191)
(1601,7191)
(1603,7189)
(1601,7188)
(1606,7188)
(1607,7190)
(1608,7187)
(1609,7188)
(1610,7190)
(1611,7190)
(1610,7188)
(1609,7187)
(1607,7185)
(1606,7186)
(1604,7186)
(1604,7184)
(1608,7183)
(1609,7181)
(1606,7181)
(1603,7184)
(1602,7182)
(1605,7179)
(1605,7177)
(1607,7178)
(1608,7177)
(1607,7175)
(1606,7174)
(1606,7173)
(1602,7173)
(1602,7176)
(1601,7176)
(1599,7176)
(1599,7172)
(1597,7173)
(1594,7176)
(1596,7180)
(1597,7184)
(1595,7184)
(1594,7187)
(1593,7187)
(1593,7186)
(1593,7185)
(1591,7186)
(1591,7188)
(1590,7187)
(1589,7188)
(1587,7189)
(1586,7188)
(1585,7187)
(1584,7186)
(1586,7185)
(1587,7181)
(1590,7179)
(1588,7178)
(1588,7175)
(1586,7174)
(1586,7177)
(1587,7178)
(1584,7179)
(1581,7179)
(1580,7179)
(1580,7181)
(1579,7181)
(1579,7185)
(1582,7185)
(1582,7186)
(1584,7187)
(1585,7189)
(1584,7191)
(1582,7191)
(1581,7193)
(1582,7197)
(1579,7194)
(1580,7189)
(1578,7187)
(1577,7188)
(1577,7185)
(1577,7180)
(1575,7178)
(1575,7180)
(1573,7180)
(1570,7176)
(1568,7176)
(1567,7174)
(1561,7169)
(1559,7167)
(1563,7160)
(1563,7156)
(1566,7153)
(1567,7149)
(1569,7146)
(1565,7149)
(1565,7152)
(1560,7154)
(1558,7154)
(1556,7162)
(1558,7167)
(1559,7169)
(1562,7170)
(1563,7172)
(1561,7181)
(1560,7182)
(1554,7180)
(1554,7177)
(1550,7176)
(1552,7175)
(1553,7174)
(1552,7175)
(1550,7174)
(1548,7176)
(1546,7176)
(1545,7177)
(1544,7176)
(1541,7175)
(1541,7174)
(1542,7172)
(1541,7171)
(1541,7167)
(1537,7167)
(1537,7169)
(1535,7169)
(1533,7171)
(1534,7172)
(1534,7173)
(1535,7175)
(1532,7174)
(1531,7175)
(1531,7174)
(1530,7176)
(1529,7174)
(1529,7175)
(1530,7176)
(1528,7176)
(1528,7177)
(1526,7177)
(1525,7179)
(1523,7179)
(1522,7177)
(1521,7179)
(1520,7177)
(1520,7175)
(1522,7176)
(1525,7175)
(1526,7175)
(1528,7174)
(1527,7172)
(1526,7172)
(1525,7172)
(1524,7174)
(1522,7172)
(1523,7171)
(1522,7169)
(1525,7170)
(1527,7169)
(1528,7171)
(1528,7168)
(1526,7166)
(1530,7167)
(1531,7161)
(1533,7161)
(1535,7163)
(1535,7161)
(1536,7161)
(1536,7159)
(1534,7159)
(1534,7157)
(1532,7157)
(1528,7154)
(1525,7146)
(1524,7146)
(1523,7147)
(1522,7149)
(1521,7149)
(1521,7150)
(1519,7150)
(1520,7153)
(1519,7153)
(1517,7151)
(1515,7152)
(1515,7153)
(1519,7155)
(1519,7156)
(1519,7157)
(1517,7158)
(1516,7161)
(1515,7161)
(1514,7156)
(1512,7157)
(1510,7155)
(1511,7149)
(1512,7148)
(1514,7149)
(1515,7148)
(1510,7145)
(1510,7147)
(1509,7148)
(1509,7149)
(1508,7149)
(1507,7149)
(1508,7145)
(1507,7146)
(1506,7145)
(1507,7144)
(1508,7144)
(1509,7144)
(1510,7144)
(1508,7143)
(1507,7142)
(1508,7142)
(1510,7142)
(1510,7143)
(1513,7144)
(1514,7143)
(1513,7139)
(1515,7139)
(1515,7143)
(1516,7144)
(1517,7139)
(1515,7133)
(1513,7132)
(1513,7135)
(1511,7134)
(1511,7137)
(1510,7138)
(1508,7137)
(1506,7136)
(1506,7132)
(1505,7131)
(1502,7133)
(1500,7137)
(1501,7139)
(1503,7140)
(1501,7140)
(1499,7139)
(1497,7140)
(1497,7141)
(1496,7139)
(1497,7138)
(1497,7135)
(1496,7134)
(1493,7136)
(1494,7138)
(1493,7139)
(1492,7134)
(1493,7132)
(1492,7129)
(1493,7128)
(1491,7126)
(1491,7122)
(1492,7122)
(1494,7124)
(1496,7122)
(1494,7121)
(1496,7121)
(1497,7120)
(1495,7118)
(1493,7120)
(1491,7119)
(1493,7114)
(1491,7117)
(1486,7118)
(1488,7122)
(1486,7123)
(1486,7126)
(1481,7123)
(1480,7121)
(1481,7120)
(1481,7119)
(1481,7118)
(1478,7118)
(1477,7120)
(1474,7119)
(1473,7117)
(1471,7113)
(1473,7113)
(1474,7115)
(1478,7106)
(1481,7106)
(1482,7105)
(1480,7104)
(1477,7105)
(1476,7105)
(1476,7103)
(1475,7101)
(1476,7097)
(1474,7097)
(1474,7095)
(1472,7094)
(1472,7093)
(1474,7091)
(1476,7091)
(1476,7093)
(1477,7091)
(1479,7092)
(1481,7090)
(1475,7087)
(1475,7086)
(1476,7085)
(1477,7083)
(1474,7083)
(1473,7081)
(1474,7080)
(1475,7080)
(1473,7078)
(1471,7083)
(1470,7083)
(1469,7080)
(1468,7080)
(1467,7081)
(1467,7082)
(1466,7081)
(1469,7071)
(1468,7070)
(1468,7073)
(1467,7074)
(1468,7067)
(1464,7072)
(1463,7074)
(1464,7083)
(1461,7083)
(1461,7081)
(1459,7081)
(1461,7083)
(1461,7085)
(1455,7087)
(1455,7083)
(1449,7078)
(1452,7078)
(1452,7076)
(1451,7075)
(1449,7076)
(1446,7074)
(1442,7074)
(1441,7070)
(1437,7066)
(1435,7066)
(1434,7064)
(1437,7064)
(1441,7068)
(1441,7067)
(1441,7065)
(1442,7066)
(1443,7066)
(1444,7065)
(1442,7065)
(1442,7064)
(1443,7060)
(1442,7060)
(1442,7062)
(1439,7061)
(1437,7062)
(1435,7058)
(1431,7057)
(1427,7058)
(1423,7054)
(1429,7056)
(1433,7055)
(1434,7054)
(1435,7048)
(1437,7045)
(1436,7044)
(1435,7045)
(1434,7048)
(1432,7049)
(1426,7046)
(1428,7042)
(1425,7040)
(1425,7038)
(1427,7038)
(1427,7037)
(1425,7037)
(1423,7036)
(1420,7035)
(1418,7036)
(1417,7033)
(1419,7034)
(1421,7034)
(1419,7032)
(1418,7032)
(1417,7031)
(1416,7028)
(1414,7026)
(1413,7024)
(1418,7024)
(1419,7022)
(1419,7021)
(1417,7021)
(1419,7019)
(1419,7018)
(1417,7018)
(1417,7017)
(1417,7015)
(1419,7016)
(1420,7015)
(1416,7012)
(1415,7013)
(1413,7013)
(1411,7011)
(1408,7012)
(1407,7011)
(1405,7010)
(1401,7005)
(1402,7004)
(1401,7001)
(1402,6996)
(1405,6991)
(1402,6992)
(1400,6993)
(1399,6996)
(1400,6999)
(1399,7001)
(1399,7004)
(1395,7006)
(1394,7007)
(1392,7007)
(1396,7002)
(1397,7000)
(1396,7000)
(1395,7003)
(1394,7000)
(1390,6997)
(1391,6996)
(1393,6996)
(1395,6994)
(1393,6990)
(1393,6992)
(1393,6995)
(1392,6995)
(1388,6991)
(1386,6992)
(1384,6991)
(1381,6992)
(1380,6990)
(1376,6989)
(1377,6987)
(1376,6981)
(1377,6978)
(1379,6977)
(1380,6977)
(1379,6976)
(1378,6975)
(1379,6972)
(1378,6973)
(1377,6976)
(1375,6971)
(1371,6968)
(1370,6965)
(1372,6965)
(1374,6966)
(1376,6962)
(1374,6964)
(1371,6963)
(1371,6961)
(1368,6957)
(1370,6957)
(1368,6956)
(1367,6951)
(1364,6948)
(1365,6947)
(1368,6947)
(1366,6949)
(1369,6948)
(1371,6943)
(1373,6940)
(1376,6944)
(1376,6941)
(1374,6940)
(1373,6935)
(1371,6933)
(1372,6932)
(1373,6933)
(1374,6933)
(1373,6931)
(1375,6928)
(1376,6927)
(1375,6926)
(1375,6925)
(1374,6925)
(1374,6927)
(1374,6928)
(1373,6930)
(1372,6930)
(1371,6928)
(1370,6934)
(1372,6936)
(1371,6935)
(1368,6932)
(1365,6931)
(1363,6932)
(1364,6933)
(1365,6933)
(1364,6936)
(1362,6933)
(1360,6934)
(1359,6934)
(1361,6927)
(1361,6923)
(1362,6921)
(1364,6921)
(1365,6925)
(1367,6924)
(1366,6921)
(1367,6919)
(1367,6913)
(1369,6916)
(1370,6919)
(1374,6918)
(1371,6915)
(1370,6915)
(1369,6910)
(1366,6910)
(1367,6909)
(1368,6908)
(1367,6903)
(1364,6902)
(1364,6901)
(1362,6901)
(1361,6899)
(1362,6897)
(1365,6896)
(1364,6894)
(1365,6891)
(1364,6891)
(1364,6892)
(1362,6893)
(1363,6894)
(1360,6897)
(1357,6895)
(1353,6894)
(1352,6892)
(1354,6893)
(1355,6892)
(1355,6885)
(1356,6884)
(1358,6883)
(1360,6884)
(1363,6883)
(1365,6885)
(1367,6889)
(1369,6886)
(1367,6885)
(1366,6883)
(1367,6881)
(1365,6877)
(1364,6873)
(1362,6874)
(1362,6871)
(1361,6871)
(1359,6870)
(1359,6875)
(1356,6874)
(1355,6870)
(1353,6870)
(1353,6871)
(1354,6872)
(1353,6874)
(1352,6876)
(1350,6877)
(1349,6871)
(1347,6870)
(1349,6869)
(1353,6868)
(1357,6863)
(1356,6858)
(1353,6854)
(1352,6853)
(1352,6855)
(1350,6856)
(1350,6859)
(1348,6856)
(1349,6856)
(1347,6852)
(1347,6850)
(1346,6850)
(1345,6852)
(1343,6852)
(1345,6854)
(1345,6857)
(1347,6857)
(1349,6859)
(1348,6860)
(1346,6860)
(1347,6862)
(1346,6863)
(1344,6862)
(1342,6863)
(1342,6862)
(1343,6857)
(1343,6856)
(1341,6855)
(1337,6858)
(1336,6857)
(1339,6855)
(1338,6854)
(1339,6852)
(1338,6850)
(1342,6846)
(1342,6843)
(1341,6842)
(1342,6839)
(1343,6837)
(1342,6837)
(1342,6835)
(1344,6834)
(1348,6839)
(1348,6841)
(1351,6842)
(1351,6837)
(1351,6835)
(1349,6835)
(1348,6832)
(1351,6833)
(1355,6829)
(1365,6825)
(1366,6823)
(1365,6821)
(1365,6819)
(1368,6820)
(1370,6819)
(1373,6817)
(1370,6817)
(1370,6816)
(1374,6817)
(1372,6816)
(1374,6816)
(1375,6817)
(1382,6818)
(1380,6816)
(1375,6816)
(1379,6816)
(1382,6817)
(1380,6815)
(1376,6815)
(1381,6815)
(1379,6813)
(1381,6811)
(1383,6812)
(1384,6812)
(1387,6819)
(1388,6823)
(1387,6830)
(1388,6829)
(1389,6822)
(1387,6818)
(1387,6816)
(1386,6815)
(1385,6813)
(1383,6811)
(1385,6808)
(1386,6804)
(1385,6804)
(1383,6805)
(1384,6808)
(1382,6810)
(1375,6809)
(1376,6805)
(1374,6801)
(1373,6798)
(1374,6793)
(1373,6796)
(1373,6802)
(1368,6806)
(1366,6810)
(1366,6807)
(1364,6806)
(1365,6803)
(1363,6808)
(1360,6811)
(1353,6814)
(1349,6814)
(1344,6812)
(1342,6816)
(1341,6815)
(1339,6816)
(1338,6814)
(1335,6815)
(1333,6813)
(1331,6813)
(1332,6812)
(1331,6811)
(1330,6808)
(1331,6806)
(1336,6802)
(1338,6801)
(1343,6796)
(1348,6794)
(1354,6790)
(1348,6790)
(1345,6794)
(1342,6795)
(1340,6798)
(1336,6799)
(1334,6802)
(1331,6803)
(1331,6798)
(1329,6797)
(1327,6795)
(1324,6795)
(1322,6793)
(1323,6792)
(1325,6792)
(1323,6791)
(1325,6787)
(1329,6788)
(1333,6786)
(1326,6779)
(1321,6780)
(1317,6781)
(1315,6779)
(1312,6777)
(1311,6774)
(1313,6772)
(1317,6771)
(1318,6769)
(1317,6768)
(1316,6765)
(1313,6764)
(1313,6762)
(1311,6761)
(1311,6759)
(1308,6758)
(1306,6754)
(1310,6745)
(1314,6745)
(1317,6750)
(1317,6744)
(1319,6742)
(1323,6744)
(1324,6743)
(1320,6741)
(1309,6744)
(1306,6743)
(1303,6740)
(1302,6737)
(1303,6734)
(1304,6734)
(1305,6731)
(1308,6732)
(1310,6732)
(1308,6731)
(1308,6722)
(1309,6720)
(1311,6722)
(1313,6722)
(1311,6721)
(1309,6718)
(1315,6715)
(1315,6714)
(1309,6714)
(1306,6720)
(1303,6714)
(1301,6713)
(1300,6711)
(1301,6710)
(1302,6713)
(1303,6713)
(1303,6709)
(1306,6710)
(1304,6708)
(1305,6707)
(1305,6706)
(1307,6701)
(1303,6706)
(1299,6707)
(1298,6705)
(1297,6707)
(1297,6702)
(1291,6698)
(1293,6696)
(1295,6695)
(1293,6695)
(1292,6696)
(1291,6692)
(1292,6691)
(1291,6691)
(1291,6688)
(1293,6688)
(1293,6687)
(1296,6686)
(1294,6684)
(1292,6686)
(1292,6681)
(1291,6684)
(1286,6676)
(1286,6675)
(1287,6677)
(1290,6678)
(1291,6673)
(1292,6672)
(1291,6669)
(1290,6670)
(1290,6673)
(1288,6669)
(1288,6666)
(1288,6665)
(1289,6667)
(1290,6667)
(1289,6665)
(1291,6664)
(1292,6662)
(1291,6661)
(1291,6659)
(1289,6661)
(1287,6660)
(1287,6659)
(1287,6660)
(1288,6661)
(1289,6663)
(1288,6664)
(1288,6662)
(1286,6660)
(1285,6656)
(1284,6655)
(1283,6652)
(1284,6648)
(1281,6642)
(1275,6639)
(1279,6639)
(1281,6640)
(1279,6638)
(1281,6638)
(1284,6645)
(1286,6646)
(1285,6645)
(1285,6642)
(1282,6637)
(1279,6637)
(1275,6638)
(1274,6638)
(1275,6635)
(1273,6635)
(1273,6632)
(1273,6629)
(1271,6626)
(1275,6626)
(1276,6625)
(1277,6626)
(1277,6628)
(1276,6628)
(1278,6629)
(1278,6627)
(1280,6629)
(1280,6628)
(1280,6627)
(1279,6627)
(1278,6625)
(1284,6626)
(1283,6625)
(1283,6624)
(1285,6622)
(1287,6623)
(1286,6621)
(1280,6624)
(1280,6623)
(1279,6623)
(1280,6620)
(1279,6621)
(1278,6622)
(1277,6622)
(1274,6625)
(1270,6624)
(1267,6620)
(1264,6615)
(1261,6613)
(1263,6612)
(1264,6612)
(1265,6612)
(1264,6612)
(1261,6611)
(1259,6610)
(1259,6609)
(1258,6610)
(1256,6609)
(1252,6610)
(1252,6609)
(1251,6609)
(1250,6615)
(1251,6620)
(1250,6623)
(1246,6624)
(1243,6624)
(1242,6623)
(1244,6621)
(1249,6621)
(1249,6620)
(1247,6619)
(1245,6620)
(1245,6619)
(1243,6620)
(1241,6618)
(1239,6618)
(1240,6619)
(1238,6619)
(1238,6622)
(1237,6622)
(1238,6623)
(1236,6623)
(1235,6625)
(1234,6626)
(1234,6628)
(1234,6629)
(1229,6632)
(1226,6631)
(1218,6624)
(1218,6622)
(1216,6619)
(1216,6617)
(1215,6617)
(1217,6614)
(1216,6612)
(1214,6610)
(1214,6607)
(1216,6606)
(1218,6602)
(1216,6600)
(1217,6599)
(1214,6595)
(1215,6595)
(1218,6596)
(1220,6595)
(1222,6593)
(1223,6593)
(1224,6592)
(1225,6596)
(1221,6599)
(1226,6601)
(1228,6598)
(1227,6597)
(1230,6596)
(1227,6595)
(1229,6594)
(1231,6589)
(1232,6589)
(1233,6591)
(1235,6591)
(1233,6589)
(1235,6589)
(1237,6588)
(1238,6587)
(1238,6585)
(1240,6585)
(1241,6586)
(1241,6588)
(1241,6590)
(1243,6588)
(1246,6586)
(1248,6585)
(1249,6586)
(1250,6585)
(1252,6585)
(1251,6584)
(1249,6584)
(1248,6584)
(1250,6582)
(1248,6583)
(1249,6582)
(1252,6580)
(1255,6580)
(1257,6580)
(1257,6581)
(1259,6580)
(1262,6582)
(1262,6583)
(1268,6580)
(1270,6582)
(1271,6584)
(1270,6584)
(1270,6585)
(1271,6585)
(1273,6586)
(1281,6586)
(1281,6587)
(1280,6587)
(1281,6589)
(1281,6590)
(1282,6591)
(1282,6595)
(1284,6594)
(1285,6595)
(1287,6597)
(1288,6595)
(1289,6597)
(1288,6594)
(1290,6590)
(1288,6590)
(1288,6588)
(1293,6588)
(1292,6586)
(1295,6586)
(1294,6585)
(1290,6586)
(1289,6586)
(1289,6585)
(1288,6584)
(1290,6580)
(1291,6579)
(1297,6581)
(1296,6578)
(1294,6578)
(1294,6577)
(1297,6576)
(1299,6577)
(1298,6575)
(1300,6574)
(1302,6573)
(1304,6576)
(1305,6574)
(1302,6570)
(1301,6570)
(1301,6571)
(1299,6571)
(1299,6568)
(1298,6572)
(1295,6575)
(1293,6573)
(1291,6573)
(1289,6572)
(1288,6568)
(1290,6568)
(1287,6566)
(1287,6561)
(1288,6559)
(1286,6557)
(1286,6555)
(1289,6554)
(1287,6553)
(1285,6553)
(1285,6550)
(1286,6549)
(1284,6549)
(1284,6548)
(1286,6542)
(1289,6544)
(1289,6547)
(1291,6549)
(1292,6549)
(1296,6548)
(1295,6547)
(1296,6546)
(1296,6545)
(1297,6544)
(1296,6543)
(1297,6543)
(1299,6544)
(1297,6542)
(1296,6538)
(1297,6535)
(1300,6534)
(1301,6531)
(1303,6532)
(1304,6532)
(1306,6535)
(1306,6534)
(1305,6532)
(1307,6532)
(1308,6532)
(1307,6531)
(1309,6532)
(1308,6530)
(1309,6528)
(1309,6527)
(1308,6529)
(1307,6529)
(1306,6531)
(1305,6531)
(1302,6530)
(1305,6528)
(1304,6528)
(1304,6527)
(1303,6527)
(1303,6528)
(1301,6530)
(1300,6530)
(1298,6529)
(1298,6532)
(1297,6530)
(1298,6527)
(1297,6524)
(1296,6524)
(1298,6524)
(1299,6523)
(1300,6524)
(1299,6525)
(1301,6525)
(1300,6524)
(1300,6523)
(1301,6522)
(1304,6524)
(1304,6522)
(1302,6521)
(1304,6519)
(1304,6521)
(1305,6518)
(1307,6520)
(1308,6521)
(1307,6519)
(1309,6519)
(1307,6518)
(1306,6518)
(1307,6517)
(1305,6518)
(1304,6516)
(1307,6516)
(1307,6515)
(1307,6514)
(1308,6514)
(1313,6518)
(1315,6516)
(1314,6515)
(1314,6513)
(1315,6514)
(1317,6514)
(1317,6513)
(1315,6512)
(1314,6511)
(1313,6511)
(1312,6509)
(1311,6509)
(1311,6508)
(1312,6507)
(1316,6509)
(1316,6508)
(1314,6507)
(1313,6507)
(1312,6507)
(1309,6509)
(1308,6508)
(1308,6510)
(1307,6510)
(1306,6510)
(1304,6510)
(1304,6508)
(1303,6510)
(1302,6509)
(1301,6510)
(1300,6510)
(1302,6511)
(1303,6512)
(1301,6511)
(1300,6511)
(1302,6513)
(1301,6514)
(1300,6514)
(1300,6513)
(1298,6513)
(1298,6511)
(1297,6512)
(1297,6511)
(1295,6509)
(1296,6509)
(1296,6510)
(1297,6509)
(1296,6509)
(1294,6508)
(1294,6507)
(1294,6508)
(1293,6504)
(1296,6503)
(1296,6505)
(1295,6505)
(1295,6506)
(1297,6507)
(1297,6505)
(1300,6508)
(1299,6505)
(1301,6505)
(1300,6504)
(1301,6501)
(1302,6500)
(1303,6500)
(1302,6499)
(1301,6499)
(1300,6498)
(1298,6499)
(1297,6498)
(1297,6499)
(1295,6497)
(1295,6499)
(1293,6497)
(1290,6492)
(1295,6496)
(1297,6493)
(1298,6494)
(1298,6493)
(1298,6492)
(1296,6492)
(1294,6490)
(1295,6488)
(1294,6488)
(1294,6487)
(1293,6485)
(1294,6484)
(1293,6484)
(1292,6484)
(1293,6479)
(1292,6484)
(1292,6477)
(1295,6476)
(1296,6474)
(1299,6472)
(1300,6467)
(1297,6460)
(1297,6454)
(1295,6452)
(1296,6449)
(1298,6449)
(1299,6447)
(1299,6445)
(1296,6443)
(1297,6441)
(1301,6441)
(1304,6438)
(1302,6433)
(1308,6426)
(1309,6421)
(1311,6421)
(1314,6423)
(1316,6422)
(1316,6416)
(1318,6414)
(1318,6409)
(1321,6405)
(1319,6404)
(1318,6401)
(1320,6400)
(1322,6402)
(1325,6402)
(1332,6400)
(1333,6402)
(1340,6399)
(1341,6394)
(1347,6393)
(1349,6395)
(1356,6396)
(1357,6398)
(1355,6399)
(1354,6401)
(1355,6403)
(1359,6404)
(1362,6406)
(1365,6406)
(1367,6409)
(1368,6409)
(1368,6406)
(1369,6406)
(1371,6403)
(1372,6402)
(1373,6401)
(1371,6399)
(1372,6397)
(1375,6396)
(1375,6393)
(1376,6391)
(1374,6390)
(1372,6385)
(1371,6377)
(1372,6375)
(1375,6375)
(1378,6372)
(1379,6365)
(1379,6361)
(1376,6359)
(1376,6355)
(1375,6352)
(1381,6347)
(1382,6344)
(1383,6343)
(1384,6334)
(1389,6333)
(1391,6331)
(1392,6330)
(1397,6327)
(1397,6324)
(1399,6321)
(1402,6321)
(1403,6320)
(1400,6316)
(1396,6314)
(1395,6313)
(1396,6311)
(1395,6308)
(1395,6305)
(1391,6298)
(1390,6297)
(1391,6294)
(1387,6293)
(1386,6289)
(1376,6292)
(1374,6287)
(1369,6284)
(1369,6280)
(1370,6278)
(1369,6276)
(1371,6275)
(1365,6269)
(1361,6262)
(1364,6256)
(1368,6255)
(1370,6256)
(1370,6255)
(1368,6247)
(1361,6242)
(1352,6241)
(1350,6238)
(1356,6230)
(1367,6219)
(1367,6217)
(1364,6216)
(1362,6214)
(1359,6215)
(1355,6212)
(1359,6207)
(1362,6206)
(1365,6206)
(1367,6202)
(1368,6200)
(1364,6198)
(1360,6197)
(1358,6191)
(1355,6189)
(1353,6190)
(1350,6184)
(1347,6184)
(1346,6182)
(1348,6179)
(1349,6176)
(1356,6172)
(1357,6167)
(1361,6161)
(1362,6158)
(1363,6156)
(1362,6155)
(1362,6154)
(1365,6153)
(1366,6149)
(1365,6147)
(1361,6146)
(1361,6143)
(1359,6143)
(1358,6145)
(1349,6136)
(1345,6135)
(1346,6131)
(1344,6128)
(1346,6127)
(1347,6122)
(1346,6119)
(1346,6115)
(1343,6114)
(1343,6113)
(1349,6108)
(1350,6104)
(1348,6101)
(1347,6100)
(1345,6100)
(1343,6101)
(1342,6099)
(1337,6098)
(1337,6094)
(1335,6092)
(1332,6095)
(1330,6096)
(1328,6096)
(1327,6094)
(1320,6098)
(1318,6098)
(1316,6100)
(1316,6102)
(1313,6103)
(1312,6105)
(1310,6105)
(1309,6107)
(1303,6105)
(1302,6107)
(1299,6107)
(1298,6110)
(1296,6109)
(1295,6106)
(1291,6107)
(1289,6105)
(1287,6106)
(1279,6104)
(1278,6106)
(1277,6109)
(1275,6111)
(1273,6110)
(1273,6107)
(1269,6107)
(1268,6104)
(1269,6103)
(1271,6102)
(1272,6100)
(1271,6096)
(1274,6097)
(1275,6091)
(1274,6084)
(1271,6080)
(1271,6077)
(1275,6074)
(1278,6075)
(1279,6074)
(1283,6076)
(1285,6072)
(1289,6073)
(1293,6073)
(1294,6069)
(1298,6070)
(1302,6067)
(1306,6067)
(1303,6061)
(1301,6053)
(1299,6052)
(1298,6050)
(1295,6048)
(1291,6044)
(1290,6041)
(1289,6040)
(1287,6036)
(1287,6034)
(1288,6031)
(1287,6029)
(1292,6026)
(1292,6023)
(1292,6021)
(1289,6018)
(1287,6013)
(1286,6013)
(1287,6011)
(1289,6009)
(1290,6007)
(1295,6006)
(1298,6008)
(1299,6010)
(1301,6007)
(1302,6000)
(1309,5997)
(1311,5997)
(1318,5999)
(1322,5998)
(1323,5998)
(1324,5993)
(1322,5992)
(1321,5991)
(1323,5989)
(1324,5985)
(1322,5982)
(1324,5981)
(1326,5979)
(1325,5977)
(1327,5974)
(1326,5971)
(1328,5968)
(1326,5962)
(1327,5954)
(1330,5950)
(1330,5952)
(1332,5951)
(1336,5954)
(1339,5955)
(1341,5956)
(1343,5956)
(1346,5960)
(1350,5963)
(1352,5962)
(1356,5963)
(1365,5960)
(1367,5963)
(1372,5966)
(1376,5966)
(1377,5967)
(1375,5969)
(1375,5972)
(1375,5973)
(1376,5974)
(1381,5971)
(1384,5971)
(1385,5970)
(1386,5964)
(1388,5961)
(1387,5959)
(1387,5956)
(1386,5954)
(1387,5949)
(1386,5947)
(1388,5943)
(1390,5944)
(1390,5941)
(1391,5936)
(1391,5933)
(1399,5936)
(1400,5935)
(1400,5933)
(1402,5935)
(1405,5935)
(1409,5933)
(1409,5929)
(1412,5928)
(1413,5929)
(1417,5933)
(1418,5931)
(1421,5931)
(1422,5929)
(1426,5929)
(1428,5921)
(1430,5922)
(1435,5921)
(1437,5922)
(1438,5921)
(1440,5925)
(1446,5934)
(1447,5934)
(1450,5933)
(1448,5931)
(1447,5923)
(1445,5916)
(1447,5913)
(1448,5906)
(1446,5901)
(1448,5893)
(1445,5883)
(1442,5877)
(1442,5875)
(1437,5870)
(1437,5867)
(1433,5863)
(1432,5860)
(1431,5859)
(1434,5857)
(1436,5852)
(1438,5853)
(1440,5857)
(1444,5859)
(1447,5863)
(1450,5865)
(1453,5864)
(1455,5866)
(1457,5865)
(1458,5860)
(1460,5860)
(1461,5863)
(1464,5861)
(1466,5860)
(1466,5852)
(1474,5854)
(1480,5854)
(1485,5853)
(1490,5861)
(1490,5866)
(1491,5868)
(1495,5864)
(1505,5863)
(1505,5865)
(1508,5867)
(1516,5870)
(1516,5872)
(1513,5874)
(1513,5876)
(1518,5881)
(1519,5884)
(1523,5886)
(1523,5888)
(1528,5889)
(1530,5888)
(1533,5890)
(1537,5890)
(1535,5896)
(1533,5898)
(1533,5900)
(1535,5903)
(1539,5904)
(1541,5906)
(1544,5907)
(1546,5909)
(1548,5909)
(1551,5912)
(1548,5918)
(1552,5923)
(1554,5923)
(1555,5921)
(1559,5919)
(1560,5916)
(1563,5916)
(1567,5914)
(1569,5919)
(1566,5919)
(1566,5920)
(1568,5922)
(1570,5923)
(1571,5924)
(1575,5922)
(1575,5920)
(1576,5920)
(1579,5921)
(1583,5924)
(1595,5925)
(1596,5927)
(1602,5926)
(1603,5925)
(1607,5927)
(1612,5924)
(1614,5926)
(1620,5924)
(1623,5926)
(1625,5925)
(1626,5922)
(1629,5923)
(1632,5922)
(1640,5924)
(1642,5924)
(1643,5922)
(1648,5921)
(1655,5922)
(1656,5922)
(1657,5920)
(1656,5918)
(1656,5916)
(1660,5913)
(1659,5911)
(1661,5906)
(1656,5906)
(1653,5905)
(1653,5904)
(1652,5901)
(1653,5899)
(1661,5896)
(1664,5894)
(1666,5894)
(1668,5893)
(1669,5894)
(1671,5891)
(1672,5890)
(1673,5890)
(1674,5892)
(1675,5892)
(1677,5891)
(1678,5888)
(1681,5889)
(1688,5889)
(1691,5886)
(1693,5884)
(1693,5881)
(1697,5881)
(1698,5878)
(1701,5876)
(1703,5874)
(1702,5871)
(1701,5870)
(1701,5868)
(1705,5865)
(1711,5863)
(1711,5861)
(1709,5858)
(1713,5855)
(1713,5854)
(1707,5851)
(1703,5848)
(1701,5849)
(1698,5848)
(1698,5845)
(1696,5844)
(1695,5842)
(1693,5841)
(1694,5838)
(1697,5835)
(1699,5834)
(1699,5832)
(1703,5828)
(1703,5825)
(1700,5821)
(1700,5819)
(1701,5816)
(1702,5815)
(1702,5807)
(1706,5804)
(1708,5799)
(1708,5796)
(1706,5792)
(1705,5787)
(1701,5784)
(1704,5782)
(1703,5779)
(1705,5777)
(1705,5776)
(1709,5782)
(1712,5780)
(1713,5780)
(1714,5784)
(1715,5784)
(1715,5786)
(1718,5789)
(1721,5788)
(1724,5796)
(1727,5797)
(1734,5792)
(1738,5791)
(1738,5789)
(1744,5790)
(1743,5786)
(1742,5781)
(1736,5775)
(1734,5772)
(1734,5770)
(1737,5769)
(1740,5771)
(1744,5769)
(1745,5767)
(1746,5771)
(1749,5773)
(1750,5775)
(1751,5781)
(1755,5784)
(1757,5782)
(1755,5779)
(1754,5777)
(1755,5774)
(1759,5771)
(1761,5771)
(1768,5765)
(1764,5757)
(1764,5753)
(1762,5750)
(1761,5746)
(1758,5743)
(1758,5741)
(1755,5738)
(1755,5735)
(1753,5735)
(1753,5732)
(1748,5733)
(1748,5730)
(1743,5728)
(1742,5723)
(1744,5715)
(1746,5713)
(1747,5707)
(1749,5705)
(1749,5701)
(1750,5699)
(1748,5701)
(1747,5701)
(1749,5697)
(1751,5692)
(1750,5688)
(1753,5688)
(1756,5685)
(1759,5682)
(1760,5678)
(1756,5674)
(1753,5673)
(1753,5665)
(1752,5664)
(1749,5661)
(1749,5657)
(1745,5653)
(1739,5648)
(1738,5642)
(1733,5643)
(1732,5643)
(1730,5640)
(1730,5636)
(1728,5636)
(1728,5634)
(1727,5634)
(1726,5631)
(1725,5628)
(1722,5624)
(1723,5622)
(1721,5619)
(1721,5614)
(1720,5599)
(1718,5597)
(1718,5594)
(1703,5588)
(1702,5585)
(1696,5579)
(1695,5576)
(1692,5573)
(1691,5569)
(1692,5568)
(1688,5561)
(1684,5560)
(1683,5564)
(1678,5563)
(1675,5558)
(1674,5555)
(1672,5553)
(1670,5547)
(1671,5546)
(1672,5545)
(1669,5544)
(1668,5543)
(1671,5541)
(1668,5540)
(1668,5538)
(1672,5536)
(1672,5535)
(1669,5535)
(1669,5528)
(1667,5525)
(1666,5524)
(1664,5521)
(1664,5518)
(1664,5513)
(1666,5510)
(1666,5499)
(1672,5499)
(1675,5501)
(1676,5500)
(1678,5496)
(1680,5486)
(1683,5480)
(1686,5479)
(1684,5478)
(1684,5473)
(1679,5468)
(1678,5465)
(1679,5461)
(1682,5457)
(1683,5455)
(1683,5450)
(1685,5444)
(1686,5441)
(1684,5436)
(1685,5432)
(1684,5428)
(1685,5422)
(1687,5421)
(1692,5424)
(1694,5424)
(1695,5423)
(1698,5411)
(1699,5400)
(1698,5399)
(1697,5396)
(1698,5394)
(1694,5388)
(1692,5388)
(1689,5375)
(1685,5373)
(1683,5369)
(1672,5362)
(1668,5354)
(1657,5348)
(1654,5348)
(1650,5340)
(1648,5338)
(1639,5335)
(1643,5331)
(1643,5329)
(1646,5327)
(1647,5327)
(1651,5327)
(1653,5326)
(1660,5330)
(1672,5333)
(1674,5332)
(1676,5330)
(1680,5330)
(1684,5325)
(1685,5320)
(1687,5318)
(1684,5313)
(1682,5312)
(1682,5309)
(1679,5304)
(1677,5289)
(1674,5287)
(1672,5289)
(1671,5285)
(1674,5283)
(1675,5282)
(1674,5279)
(1670,5277)
(1669,5274)
(1669,5271)
(1668,5268)
(1669,5264)
(1668,5259)
(1668,5257)
(1671,5253)
(1670,5251)
(1671,5250)
(1669,5245)
(1672,5245)
(1667,5236)
(1668,5232)
(1670,5229)
(1673,5228)
(1678,5216)
(1680,5212)
(1682,5206)
(1686,5204)
(1686,5202)
(1685,5200)
(1684,5198)
(1685,5194)
(1682,5193)
(1681,5191)
(1678,5192)
(1676,5192)
(1675,5191)
(1675,5186)
(1677,5185)
(1677,5181)
(1678,5174)
(1684,5172)
(1686,5172)
(1688,5170)
(1686,5168)
(1684,5164)
(1676,5165)
(1675,5165)
(1675,5164)
(1676,5157)
(1678,5157)
(1681,5155)
(1686,5155)
(1692,5151)
(1692,5148)
(1693,5146)
(1691,5144)
(1698,5134)
(1699,5129)
(1699,5125)
(1696,5122)
(1697,5120)
(1696,5118)
(1699,5113)
(1700,5109)
(1706,5106)
(1714,5107)
(1718,5107)
(1721,5106)
(1720,5103)
(1718,5100)
(1715,5091)
(1717,5081)
(1719,5081)
(1720,5078)
(1723,5076)
(1722,5068)
(1724,5065)
(1724,5061)
(1728,5060)
(1729,5055)
(1728,5052)
(1728,5049)
(1732,5047)
(1739,5049)
(1743,5046)
(1747,5047)
(1751,5045)
(1757,5047)
(1757,5040)
(1760,5038)
(1758,5033)
(1748,5028)
(1744,5023)
(1743,5018)
(1745,5015)
(1748,5012)
(1750,5007)
(1764,5004)
(1773,4995)
(1780,4985)
(1780,4977)
(1785,4970)
(1786,4966)
(1797,4956)
(1801,4947)
(1802,4940)
(1805,4934)
(1809,4930)
(1810,4917)
(1815,4909)
(1813,4908)
(1816,4905)
(1820,4904)
(1825,4900)
(1827,4897)
(1818,4889)
(1816,4886)
(1815,4883)
(1812,4882)
(1809,4881)
(1809,4875)
(1805,4877)
(1801,4874)
(1801,4868)
(1803,4865)
(1806,4866)
(1807,4865)
(1809,4864)
(1812,4861)
(1813,4862)
(1816,4860)
(1819,4849)
(1824,4845)
(1828,4836)
(1828,4832)
(1834,4819)
(1834,4814)
(1834,4812)
(1837,4814)
(1841,4811)
(1841,4814)
(1844,4815)
(1846,4813)
(1848,4812)
(1848,4810)
(1847,4807)
(1847,4805)
(1851,4803)
(1853,4798)
(1853,4795)
(1858,4793)
(1859,4785)
(1859,4783)
(1858,4780)
(1856,4776)
(1858,4773)
(1861,4770)
(1862,4765)
(1866,4764)
(1869,4758)
(1873,4757)
(1874,4755)
(1876,4755)
(1878,4753)
(1880,4753)
(1881,4750)
(1884,4750)
(1885,4747)
(1886,4745)
(1885,4741)
(1880,4740)
(1882,4737)
(1878,4734)
(1878,4732)
(1878,4731)
(1877,4729)
(1878,4726)
(1881,4726)
(1887,4728)
(1888,4726)
(1889,4723)
(1891,4723)
(1897,4731)
(1899,4728)
(1901,4727)
(1900,4726)
(1901,4725)
(1904,4723)
(1905,4723)
(1907,4722)
(1909,4723)
(1919,4726)
(1923,4720)
(1927,4716)
(1933,4713)
(1934,4709)
(1935,4709)
(1941,4709)
(1943,4707)
(1945,4709)
(1952,4704)
(1954,4705)
(1955,4709)
(1954,4714)
(1955,4719)
(1956,4721)
(1958,4722)
(1958,4726)
(1956,4727)
(1954,4725)
(1948,4727)
(1946,4732)
(1942,4736)
(1941,4738)
(1943,4742)
(1943,4746)
(1945,4747)
(1948,4747)
(1950,4750)
(1951,4756)
(1950,4759)
(1952,4761)
(1956,4767)
(1959,4770)
(1965,4772)
(1968,4768)
(1973,4767)
(1976,4763)
(1978,4761)
(1986,4762)
(1988,4764)
(1990,4764)
(1991,4762)
(1992,4755)
(1994,4749)
(1993,4746)
(1997,4745)
(1999,4740)
(2004,4736)
(2012,4736)
(2014,4734)
(2018,4735)
(2018,4737)
(2017,4741)
(2018,4742)
(2023,4741)
(2025,4741)
(2030,4737)
(2038,4734)
(2041,4738)
(2040,4746)
(2042,4748)
(2041,4765)
(2042,4766)
(2044,4768)
(2047,4771)
(2051,4771)
(2051,4773)
(2052,4775)
(2064,4772)
(2066,4772)
(2065,4783)
(2067,4786)
(2070,4784)
(2072,4783)
(2073,4786)
(2074,4791)
(2080,4793)
(2079,4801)
(2080,4804)
(2086,4806)
(2091,4811)
(2094,4812)
(2106,4812)
(2112,4818)
(2114,4818)
(2119,4817)
(2121,4818)
(2125,4823)
(2128,4823)
(2131,4823)
(2131,4821)
(2130,4818)
(2133,4815)
(2134,4812)
(2127,4808)
(2125,4805)
(2125,4803)
(2127,4801)
(2136,4798)
(2137,4795)
(2134,4792)
(2134,4790)
(2138,4789)
(2139,4782)
(2146,4778)
(2148,4780)
(2149,4779)
(2150,4776)
(2152,4776)
(2152,4774)
(2151,4768)
(2153,4766)
(2156,4767)
(2158,4766)
(2159,4760)
(2157,4754)
(2157,4747)
(2155,4741)
(2154,4736)
(2155,4730)
(2155,4725)
(2151,4721)
(2149,4718)
(2146,4712)
(2146,4706)
(2143,4703)
(2142,4698)
(2140,4696)
(2137,4690)
(2133,4688)
(2134,4680)
(2133,4678)
(2130,4678)
(2129,4677)
(2128,4675)
(2130,4669)
(2130,4667)
(2128,4664)
(2128,4662)
(2128,4658)
(2129,4651)
(2128,4645)
(2132,4639)
(2132,4631)
(2133,4627)
(2135,4625)
(2136,4615)
(2139,4612)
(2139,4607)
(2143,4603)
(2145,4595)
(2149,4594)
(2154,4595)
(2155,4594)
(2152,4592)
(2152,4587)
(2150,4585)
(2150,4582)
(2149,4580)
(2149,4577)
(2149,4571)
(2150,4569)
(2154,4569)
(2159,4567)
(2160,4565)
(2161,4558)
(2165,4556)
(2167,4555)
(2170,4560)
(2171,4560)
(2172,4560)
(2174,4562)
(2179,4559)
(2185,4561)
(2187,4560)
(2193,4556)
(2197,4554)
(2200,4551)
(2204,4545)
(2206,4540)
(2206,4534)
(2206,4532)
(2204,4532)
(2204,4527)
(2206,4526)
(2211,4526)
(2215,4524)
(2218,4512)
(2220,4509)
(2219,4498)
(2217,4495)
(2215,4494)
(2218,4493)
(2221,4489)
(2221,4484)
(2224,4481)
(2222,4474)
(2222,4472)
(2225,4470)
(2228,4464)
(2230,4463)
(2231,4464)
(2231,4468)
(2234,4471)
(2234,4475)
(2235,4476)
(2234,4479)
(2236,4480)
(2236,4482)
(2238,4485)
(2234,4488)
(2233,4489)
(2234,4494)
(2234,4496)
(2237,4498)
(2239,4506)
(2243,4507)
(2244,4511)
(2246,4508)
(2251,4503)
(2254,4497)
(2259,4494)
(2262,4497)
(2264,4497)
(2267,4499)
(2271,4494)
(2273,4496)
(2275,4494)
(2276,4495)
(2281,4495)
(2285,4489)
(2292,4488)
(2298,4488)
(2303,4492)
(2308,4491)
(2312,4487)
(2312,4483)
(2315,4479)
(2320,4461)
(2319,4455)
(2319,4452)
(2321,4450)
(2320,4448)
(2317,4447)
(2316,4444)
(2313,4445)
(2312,4437)
(2317,4429)
(2322,4427)
(2324,4425)
(2328,4426)
(2332,4422)
(2335,4424)
(2336,4430)
(2338,4431)
(2340,4430)
(2345,4423)
(2349,4422)
(2350,4420)
(2354,4417)
(2361,4420)
(2366,4419)
(2368,4420)
(2369,4431)
(2374,4434)
(2376,4437)
(2378,4436)
(2383,4435)
(2385,4431)
(2387,4431)
(2390,4431)
(2392,4434)
(2396,4435)
(2398,4438)
(2403,4440)
(2404,4442)
(2404,4446)
(2407,4453)
(2406,4458)
(2406,4462)
(2408,4466)
(2416,4476)
(2417,4480)
(2421,4484)
(2420,4493)
(2421,4493)
(2425,4489)
(2431,4492)
(2427,4504)
(2428,4510)
(2427,4514)
(2429,4515)
(2429,4517)
(2431,4520)
(2438,4531)
(2439,4535)
(2436,4537)
(2429,4539)
(2427,4542)
(2424,4540)
(2418,4542)
(2419,4547)
(2418,4556)
(2422,4559)
(2424,4564)
(2423,4572)
(2427,4577)
(2426,4578)
(2422,4579)
(2421,4581)
(2426,4589)
(2433,4594)
(2436,4598)
(2445,4599)
(2449,4602)
(2451,4607)
(2456,4607)
(2461,4612)
(2463,4621)
(2463,4625)
(2461,4628)
(2460,4636)
(2462,4643)
(2459,4650)
(2459,4653)
(2460,4656)
(2460,4661)
(2464,4672)
(2463,4682)
(2462,4685)
(2466,4691)
(2469,4694)
(2474,4697)
(2477,4702)
(2478,4703)
(2481,4702)
(2483,4703)
(2488,4712)
(2489,4718)
(2492,4721)
(2494,4729)
(2498,4735)
(2499,4740)
(2503,4748)
(2504,4753)
(2507,4759)
(2507,4764)
(2507,4767)
(2513,4779)
(2513,4787)
(2515,4789)
(2519,4790)
(2521,4793)
(2522,4802)
(2522,4812)
(2523,4816)
(2526,4817)
(2528,4815)
(2532,4814)
(2533,4817)
(2535,4818)
(2537,4816)
(2539,4817)
(2542,4814)
(2547,4813)
(2549,4815)
(2554,4811)
(2558,4809)
(2559,4810)
(2564,4814)
(2567,4815)
(2570,4816)
(2570,4823)
(2573,4835)
(2576,4834)
(2577,4827)
(2580,4823)
(2582,4823)
(2584,4829)
(2588,4839)
(2586,4846)
(2588,4848)
(2589,4849)
(2597,4846)
(2598,4841)
(2600,4840)
(2605,4844)
(2609,4844)
(2620,4837)
(2635,4830)
(2639,4827)
(2644,4825)
(2648,4822)
(2655,4824)
(2667,4821)
(2676,4824)
(2679,4823)
(2681,4826)
(2682,4831)
(2684,4831)
(2686,4826)
(2686,4822)
(2689,4816)
(2688,4800)
(2692,4793)
(2694,4792)
(2696,4797)
(2701,4805)
(2702,4807)
(2703,4824)
(2703,4825)
(2706,4827)
(2707,4828)
(2707,4836)
(2709,4846)
(2708,4852)
(2710,4858)
(2710,4863)
(2714,4874)
(2718,4893)
(2720,4898)
(2721,4902)
(2721,4905)
(2718,4908)
(2712,4909)
(2711,4914)
(2709,4917)
(2710,4921)
(2713,4930)
(2714,4938)
(2714,4940)
(2708,4949)
(2708,4954)
(2715,4958)
(2721,4960)
(2726,4959)
(2728,4954)
(2730,4942)
(2732,4939)
(2734,4939)
(2746,4945)
(2754,4951)
(2770,4954)
(2781,4963)
(2806,4972)
(2818,4981)
(2833,4982)
(2834,4988)
(2833,4991)
(2831,4994)
(2828,5005)
(2824,5014)
(2821,5027)
(2818,5035)
(2819,5048)
(2820,5051)
(2820,5058)
(2820,5067)
(2819,5072)
(2820,5081)
(2816,5087)
(2813,5086)
(2810,5084)
(2810,5086)
(2812,5098)
(2814,5099)
(2816,5104)
(2820,5111)
(2823,5114)
(2824,5131)
(2831,5135)
(2832,5141)
(2837,5142)
(2839,5141)
(2842,5142)
(2851,5136)
(2857,5137)
(2877,5132)
(2884,5136)
(2889,5137)
(2903,5146)
(2905,5148)
(2905,5152)
(2906,5161)
(2905,5174)
(2907,5178)
(2910,5180)
(2910,5188)
(2912,5196)
(2917,5199)
(2918,5201)
(2924,5207)
(2928,5206)
(2931,5209)
(2934,5205)
(2938,5204)
(2941,5206)
(2944,5211)
(2946,5212)
(2946,5222)
(2948,5230)
(2947,5233)
(2946,5239)
(2945,5246)
(2946,5250)
(2948,5252)
(2948,5256)
(2950,5263)
(2950,5270)