380
(-202,-4820)
(-200,-4819)
(-202,-4819)
(-203,-4818)
(-200,-4818)
(-200,-4817)
(-201,-4816)
(-200,-4809)
(-198,-4806)
(-192,-4803)
(-193,-4803)
(-194,-4802)
(-197,-4802)
(-195,-4801)
(-192,-4797)
(-185,-4795)
(-182,-4793)
(-178,-4793)
(-175,-4792)
(-167,-4790)
(-165,-4788)
(-160,-4787)
(-156,-4784)
(-153,-4783)
(-149,-4785)
(-149,-4787)
(-145,-4789)
(-143,-4791)
(-139,-4790)
(-136,-4791)
(-133,-4790)
(-130,-4792)
(-128,-4791)
(-126,-4791)
(-125,-4789)
(-123,-4789)
(-122,-4787)
(-121,-4786)
(-122,-4790)
(-125,-4790)
(-125,-4792)
(-126,-4793)
(-133,-4794)
(-136,-4792)
(-139,-4792)
(-145,-4792)
(-154,-4794)
(-157,-4800)
(-155,-4801)
(-156,-4803)
(-155,-4804)
(-153,-4804)
(-152,-4802)
(-149,-4801)
(-149,-4799)
(-150,-4797)
(-149,-4796)
(-148,-4796)
(-149,-4797)
(-147,-4800)
(-149,-4802)
(-142,-4801)
(-141,-4799)
(-139,-4797)
(-140,-4799)
(-140,-4801)
(-141,-4802)
(-151,-4806)
(-155,-4810)
(-156,-4812)
(-158,-4814)
(-156,-4817)
(-159,-4817)
(-159,-4816)
(-162,-4815)
(-164,-4815)
(-163,-4819)
(-159,-4824)
(-158,-4828)
(-147,-4837)
(-144,-4841)
(-143,-4844)
(-143,-4847)
(-139,-4853)
(-139,-4855)
(-135,-4857)
(-132,-4860)
(-130,-4861)
(-132,-4855)
(-128,-4847)
(-124,-4845)
(-118,-4846)
(-117,-4844)
(-116,-4844)
(-106,-4846)
(-96,-4851)
(-93,-4851)
(-92,-4849)
(-89,-4849)
(-88,-4847)
(-83,-4847)
(-80,-4845)
(-68,-4853)
(-63,-4855)
(-62,-4855)
(-60,-4853)
(-56,-4850)
(-56,-4848)
(-55,-4846)
(-56,-4842)
(-55,-4840)
(-56,-4837)
(-54,-4835)
(-50,-4832)
(-44,-4831)
(-38,-4828)
(-34,-4826)
(-35,-4825)
(-38,-4824)
(-38,-4820)
(-38,-4816)
(-37,-4823)
(-26,-4828)
(-25,-4829)
(-22,-4830)
(-17,-4824)
(-14,-4823)
(-10,-4820)
(-10,-4818)
(-9,-4815)
(-4,-4812)
(-2,-4809)
(0,-4806)
(2,-4806)
(4,-4804)
(10,-4802)
(21,-4802)
(21,-4801)
(19,-4800)
(22,-4800)
(26,-4802)
(29,-4803)
(32,-4801)
(35,-4801)
(38,-4803)
(39,-4805)
(41,-4807)
(46,-4806)
(50,-4804)
(50,-4798)
(52,-4796)
(52,-4792)
(57,-4785)
(60,-4779)
(54,-4780)
(53,-4778)
(50,-4777)
(52,-4777)
(54,-4779)
(59,-4778)
(60,-4773)
(64,-4767)
(64,-4763)
(65,-4751)
(68,-4747)
(73,-4743)
(71,-4741)
(67,-4739)
(69,-4737)
(73,-4737)
(74,-4736)
(74,-4735)
(74,-4733)
(77,-4732)
(77,-4729)
(78,-4732)
(79,-4733)
(81,-4732)
(83,-4730)
(86,-4730)
(86,-4729)
(80,-4722)
(77,-4721)
(76,-4718)
(76,-4716)
(74,-4716)
(74,-4714)
(72,-4714)
(73,-4712)
(72,-4708)
(64,-4701)
(62,-4694)
(60,-4693)
(55,-4686)
(54,-4680)
(52,-4677)
(53,-4675)
(50,-4674)
(49,-4671)
(49,-4668)
(51,-4663)
(51,-4661)
(49,-4659)
(45,-4660)
(43,-4659)
(39,-4652)
(40,-4649)
(39,-4648)
(39,-4647)
(37,-4646)
(32,-4647)
(28,-4646)
(25,-4646)
(23,-4642)
(21,-4636)
(23,-4629)
(19,-4626)
(17,-4626)
(16,-4623)
(16,-4619)
(14,-4613)
(16,-4610)
(15,-4607)
(17,-4606)
(16,-4601)
(14,-4597)
(15,-4594)
(14,-4591)
(15,-4584)
(24,-4584)
(25,-4581)
(27,-4579)
(27,-4578)
(24,-4573)
(24,-4569)
(23,-4567)
(21,-4567)
(22,-4564)
(21,-4563)
(11,-4556)
(8,-4551)
(5,-4548)
(4,-4545)
(5,-4538)
(-4,-4526)
(-6,-4517)
(-8,-4518)
(-9,-4522)
(-8,-4523)
(-10,-4525)
(-7,-4532)
(-7,-4538)
(-11,-4537)
(-11,-4534)
(-14,-4529)
(-21,-4527)
(-26,-4525)
(-28,-4522)
(-28,-4520)
(-30,-4519)
(-32,-4517)
(-31,-4516)
(-33,-4515)
(-38,-4515)
(-39,-4517)
(-42,-4516)
(-44,-4518)
(-48,-4516)
(-50,-4516)
(-53,-4515)
(-56,-4515)
(-58,-4513)
(-59,-4513)
(-59,-4519)
(-58,-4522)
(-55,-4524)
(-58,-4525)
(-93,-4534)
(-93,-4535)
(-128,-4564)
(-154,-4600)
(-179,-4671)
(-189,-4682)
(-193,-4684)
(-193,-4686)
(-196,-4687)
(-201,-4693)
(-203,-4693)
(-205,-4691)
(-207,-4690)
(-211,-4694)
(-211,-4695)
(-207,-4695)
(-205,-4696)
(-205,-4700)
(-211,-4702)
(-218,-4702)
(-224,-4704)
(-227,-4705)
(-235,-4712)
(-239,-4713)
(-246,-4714)
(-248,-4716)
(-256,-4718)
(-259,-4720)
(-265,-4720)
(-266,-4717)
(-269,-4720)
(-273,-4720)
(-275,-4721)
(-277,-4727)
(-281,-4733)
(-285,-4735)
(-287,-4735)
(-291,-4734)
(-293,-4739)
(-297,-4740)
(-300,-4742)
(-300,-4743)
(-300,-4744)
(-298,-4746)
(-299,-4748)
(-298,-4751)
(-298,-4757)
(-294,-4760)
(-293,-4762)
(-290,-4763)
(-288,-4767)
(-276,-4771)
(-273,-4770)
(-271,-4770)
(-271,-4772)
(-266,-4778)
(-266,-4780)
(-268,-4783)
(-269,-4787)
(-269,-4789)
(-266,-4792)
(-264,-4794)
(-264,-4798)
(-263,-4799)
(-258,-4805)
(-258,-4807)
(-257,-4808)
(-258,-4810)
(-264,-4816)
(-264,-4817)
(-267,-4820)
(-268,-4822)
(-269,-4823)
(-268,-4825)
(-266,-4829)
(-263,-4829)
(-252,-4820)
(-252,-4824)
(-253,-4826)
(-252,-4828)
(-248,-4829)
(-245,-4830)
(-243,-4830)
(-239,-4828)
(-239,-4821)
(-241,-4819)
(-239,-4817)
(-237,-4816)
(-236,-4813)
(-233,-4809)
(-231,-4811)
(-228,-4811)
(-226,-4813)
(-224,-4812)
(-221,-4813)
(-218,-4812)
(-215,-4813)
(-215,-4814)
(-210,-4814)
(-208,-4816)
(-205,-4815)
(-204,-4819)
(-202,-4820)