903
(2293,1330)
(2290,1340)
(2288,1345)
(2288,1350)
(2285,1359)
(2283,1363)
(2278,1368)
(2276,1372)
(2277,1377)
(2279,1379)
(2282,1373)
(2282,1371)
(2285,1377)
(2283,1383)
(2284,1390)
(2286,1393)
(2289,1391)
(2289,1394)
(2290,1391)
(2290,1388)
(2291,1389)
(2293,1387)
(2290,1384)
(2291,1382)
(2292,1383)
(2293,1382)
(2293,1376)
(2292,1375)
(2292,1378)
(2291,1378)
(2291,1377)
(2291,1375)
(2294,1374)
(2294,1373)
(2294,1367)
(2295,1366)
(2297,1368)
(2299,1362)
(2302,1361)
(2303,1359)
(2302,1358)
(2302,1359)
(2301,1359)
(2301,1357)
(2300,1356)
(2300,1355)
(2299,1356)
(2297,1355)
(2297,1353)
(2300,1351)
(2301,1352)
(2305,1348)
(2306,1346)
(2307,1344)
(2305,1345)
(2303,1343)
(2302,1344)
(2300,1343)
(2301,1338)
(2300,1338)
(2302,1335)
(2300,1332)
(2299,1331)
(2300,1330)
(2302,1328)
(2304,1323)
(2305,1317)
(2302,1313)
(2304,1310)
(2302,1307)
(2300,1306)
(2301,1303)
(2301,1299)
(2300,1294)
(2298,1291)
(2300,1286)
(2299,1288)
(2298,1289)
(2300,1289)
(2301,1289)
(2302,1288)
(2302,1286)
(2303,1285)
(2304,1282)
(2308,1282)
(2310,1280)
(2309,1278)
(2307,1281)
(2303,1280)
(2303,1278)
(2302,1278)
(2302,1276)
(2300,1276)
(2299,1274)
(2300,1272)
(2299,1271)
(2299,1272)
(2298,1270)
(2298,1271)
(2298,1269)
(2300,1268)
(2300,1265)
(2301,1267)
(2302,1266)
(2303,1266)
(2302,1266)
(2304,1268)
(2305,1267)
(2304,1266)
(2305,1265)
(2306,1265)
(2305,1266)
(2306,1267)
(2306,1266)
(2309,1266)
(2309,1265)
(2309,1266)
(2312,1266)
(2310,1262)
(2312,1261)
(2316,1262)
(2319,1259)
(2320,1259)
(2320,1255)
(2328,1252)
(2328,1251)
(2326,1249)
(2326,1248)
(2325,1247)
(2326,1246)
(2327,1246)
(2328,1244)
(2331,1244)
(2332,1248)
(2335,1245)
(2337,1246)
(2336,1247)
(2335,1249)
(2336,1251)
(2338,1252)
(2336,1253)
(2335,1252)
(2335,1254)
(2337,1255)
(2336,1257)
(2337,1259)
(2336,1260)
(2336,1262)
(2334,1261)
(2332,1265)
(2335,1266)
(2334,1269)
(2332,1270)
(2332,1271)
(2334,1270)
(2335,1268)
(2338,1268)
(2339,1270)
(2343,1265)
(2342,1265)
(2341,1262)
(2340,1264)
(2340,1259)
(2341,1260)
(2342,1259)
(2342,1257)
(2343,1256)
(2342,1256)
(2344,1257)
(2344,1254)
(2342,1252)
(2342,1254)
(2343,1250)
(2342,1250)
(2342,1251)
(2344,1252)
(2344,1249)
(2345,1251)
(2347,1249)
(2345,1246)
(2345,1248)
(2341,1245)
(2341,1244)
(2338,1249)
(2337,1250)
(2339,1246)
(2337,1245)
(2337,1244)
(2339,1242)
(2341,1243)
(2344,1241)
(2347,1236)
(2351,1233)
(2353,1229)
(2357,1229)
(2357,1223)
(2357,1221)
(2359,1218)
(2363,1217)
(2364,1214)
(2366,1213)
(2367,1216)
(2369,1213)
(2370,1215)
(2371,1215)
(2371,1214)
(2370,1213)
(2371,1211)
(2371,1210)
(2371,1212)
(2372,1211)
(2372,1208)
(2374,1209)
(2374,1210)
(2377,1211)
(2379,1207)
(2379,1206)
(2381,1204)
(2381,1201)
(2381,1204)
(2379,1208)
(2379,1212)
(2379,1213)
(2381,1214)
(2380,1216)
(2382,1216)
(2384,1219)
(2386,1218)
(2388,1217)
(2388,1221)
(2387,1223)
(2388,1225)
(2389,1225)
(2395,1222)
(2395,1220)
(2397,1220)
(2400,1219)
(2400,1224)
(2403,1225)
(2404,1227)
(2405,1231)
(2404,1233)
(2404,1235)
(2406,1240)
(2409,1241)
(2411,1241)
(2413,1243)
(2417,1243)
(2418,1244)
(2419,1246)
(2420,1245)
(2422,1247)
(2426,1247)
(2427,1250)
(2429,1251)
(2428,1255)
(2428,1257)
(2431,1259)
(2434,1263)
(2441,1263)
(2446,1258)
(2448,1259)
(2451,1259)
(2452,1281)
(2455,1285)
(2455,1292)
(2452,1294)
(2452,1296)
(2454,1299)
(2454,1301)
(2456,1301)
(2456,1308)
(2459,1308)
(2463,1315)
(2466,1315)
(2468,1319)
(2468,1321)
(2469,1324)
(2468,1325)
(2467,1328)
(2469,1330)
(2470,1335)
(2469,1339)
(2468,1340)
(2468,1344)
(2467,1346)
(2468,1352)
(2467,1355)
(2469,1358)
(2471,1359)
(2471,1360)
(2469,1364)
(2470,1365)
(2479,1366)
(2480,1368)
(2480,1376)
(2479,1386)
(2479,1391)
(2480,1393)
(2482,1394)
(2484,1398)
(2484,1399)
(2482,1401)
(2484,1404)
(2485,1406)
(2484,1412)
(2484,1413)
(2483,1418)
(2485,1420)
(2484,1426)
(2486,1428)
(2487,1434)
(2489,1435)
(2487,1437)
(2486,1438)
(2488,1441)
(2487,1443)
(2488,1445)
(2491,1444)
(2493,1446)
(2492,1449)
(2491,1451)
(2492,1452)
(2494,1455)
(2493,1458)
(2491,1459)
(2492,1464)
(2492,1468)
(2493,1468)
(2494,1472)
(2493,1473)
(2489,1474)
(2488,1476)
(2486,1477)
(2485,1483)
(2482,1486)
(2481,1489)
(2484,1489)
(2485,1495)
(2484,1496)
(2482,1504)
(2480,1505)
(2481,1507)
(2477,1513)
(2475,1514)
(2475,1517)
(2477,1529)
(2477,1532)
(2479,1534)
(2479,1540)
(2478,1543)
(2479,1543)
(2479,1547)
(2481,1550)
(2479,1554)
(2479,1556)
(2479,1559)
(2481,1563)
(2481,1568)
(2485,1570)
(2486,1572)
(2489,1570)
(2492,1571)
(2494,1569)
(2498,1568)
(2498,1566)
(2500,1564)
(2503,1564)
(2505,1570)
(2505,1574)
(2503,1577)
(2503,1581)
(2500,1590)
(2499,1589)
(2496,1596)
(2492,1596)
(2485,1598)
(2481,1598)
(2480,1595)
(2481,1592)
(2476,1585)
(2475,1580)
(2472,1580)
(2470,1579)
(2469,1580)
(2467,1579)
(2467,1580)
(2465,1579)
(2463,1580)
(2462,1583)
(2460,1582)
(2459,1580)
(2457,1582)
(2456,1578)
(2454,1578)
(2455,1576)
(2454,1575)
(2453,1574)
(2453,1573)
(2451,1572)
(2450,1573)
(2449,1569)
(2445,1567)
(2444,1562)
(2444,1563)
(2447,1562)
(2448,1561)
(2449,1564)
(2450,1563)
(2449,1561)
(2450,1560)
(2449,1560)
(2451,1555)
(2451,1543)
(2452,1538)
(2452,1533)
(2455,1522)
(2456,1521)
(2456,1518)
(2456,1516)
(2457,1508)
(2459,1508)
(2459,1510)
(2461,1508)
(2460,1502)
(2459,1502)
(2458,1500)
(2456,1499)
(2455,1493)
(2451,1488)
(2451,1482)
(2452,1480)
(2451,1478)
(2457,1474)
(2456,1464)
(2453,1459)
(2451,1460)
(2450,1458)
(2450,1460)
(2443,1446)
(2444,1439)
(2447,1431)
(2445,1424)
(2443,1422)
(2440,1421)
(2438,1426)
(2435,1428)
(2432,1435)
(2431,1434)
(2431,1430)
(2430,1429)
(2428,1429)
(2424,1432)
(2423,1438)
(2423,1440)
(2424,1440)
(2427,1440)
(2424,1442)
(2422,1444)
(2421,1451)
(2419,1451)
(2419,1454)
(2415,1457)
(2409,1464)
(2408,1463)
(2407,1458)
(2409,1457)
(2412,1453)
(2413,1453)
(2417,1450)
(2418,1443)
(2422,1436)
(2422,1431)
(2420,1427)
(2421,1424)
(2419,1422)
(2417,1422)
(2412,1426)
(2410,1434)
(2407,1439)
(2405,1439)
(2404,1440)
(2402,1439)
(2402,1441)
(2401,1441)
(2399,1439)
(2398,1440)
(2398,1438)
(2397,1439)
(2397,1436)
(2397,1435)
(2398,1436)
(2398,1434)
(2401,1431)
(2401,1429)
(2407,1426)
(2414,1419)
(2415,1412)
(2417,1404)
(2414,1400)
(2412,1400)
(2409,1402)
(2408,1404)
(2402,1410)
(2399,1420)
(2396,1422)
(2396,1425)
(2395,1423)
(2395,1416)
(2398,1407)
(2398,1402)
(2400,1403)
(2404,1400)
(2405,1399)
(2411,1399)
(2414,1399)
(2420,1381)
(2421,1381)
(2423,1377)
(2423,1373)
(2424,1374)
(2430,1369)
(2431,1375)
(2432,1379)
(2434,1379)
(2435,1376)
(2438,1376)
(2439,1374)
(2438,1371)
(2436,1371)
(2434,1369)
(2434,1365)
(2431,1365)
(2431,1363)
(2430,1363)
(2432,1361)
(2431,1359)
(2430,1360)
(2428,1359)
(2429,1357)
(2428,1355)
(2424,1357)
(2422,1360)
(2409,1353)
(2406,1354)
(2403,1354)
(2401,1356)
(2397,1363)
(2392,1364)
(2388,1371)
(2375,1376)
(2372,1381)
(2370,1385)
(2368,1387)
(2359,1396)
(2351,1401)
(2349,1399)
(2348,1394)
(2348,1393)
(2347,1394)
(2346,1392)
(2345,1387)
(2346,1383)
(2349,1385)
(2348,1387)
(2346,1386)
(2348,1390)
(2350,1391)
(2349,1393)
(2351,1393)
(2353,1391)
(2355,1391)
(2358,1387)
(2359,1381)
(2361,1380)
(2362,1377)
(2359,1376)
(2358,1376)
(2357,1371)
(2356,1369)
(2351,1371)
(2349,1371)
(2350,1373)
(2351,1372)
(2351,1373)
(2350,1375)
(2347,1375)
(2346,1378)
(2343,1380)
(2342,1378)
(2340,1378)
(2342,1382)
(2342,1384)
(2340,1381)
(2337,1380)
(2337,1376)
(2336,1376)
(2335,1374)
(2336,1371)
(2333,1370)
(2332,1365)
(2333,1363)
(2333,1360)
(2334,1359)
(2335,1357)
(2333,1355)
(2333,1352)
(2331,1351)
(2331,1354)
(2330,1353)
(2329,1356)
(2331,1362)
(2327,1365)
(2327,1369)
(2325,1372)
(2326,1374)
(2325,1379)
(2325,1382)
(2323,1384)
(2318,1385)
(2318,1387)
(2319,1391)
(2321,1390)
(2321,1392)
(2319,1395)
(2319,1399)
(2316,1400)
(2315,1398)
(2313,1397)
(2312,1403)
(2311,1400)
(2310,1400)
(2310,1402)
(2310,1408)
(2309,1412)
(2310,1413)
(2310,1415)
(2308,1416)
(2307,1414)
(2307,1416)
(2305,1416)
(2305,1418)
(2301,1421)
(2300,1422)
(2300,1426)
(2299,1428)
(2298,1436)
(2292,1444)
(2288,1444)
(2289,1443)
(2288,1441)
(2286,1439)
(2280,1442)
(2278,1441)
(2276,1441)
(2274,1443)
(2273,1441)
(2272,1444)
(2269,1443)
(2268,1445)
(2267,1445)
(2265,1445)
(2264,1444)
(2261,1444)
(2259,1442)
(2260,1437)
(2263,1437)
(2264,1435)
(2266,1434)
(2269,1430)
(2269,1429)
(2268,1428)
(2269,1427)
(2268,1427)
(2269,1426)
(2270,1426)
(2271,1425)
(2276,1421)
(2276,1418)
(2277,1419)
(2277,1417)
(2278,1417)
(2278,1414)
(2279,1413)
(2281,1416)
(2283,1414)
(2281,1408)
(2279,1404)
(2279,1406)
(2278,1405)
(2278,1393)
(2275,1388)
(2275,1381)
(2274,1381)
(2273,1379)
(2271,1381)
(2271,1387)
(2268,1391)
(2266,1391)
(2266,1387)
(2264,1387)
(2263,1390)
(2261,1389)
(2259,1390)
(2257,1390)
(2252,1400)
(2253,1402)
(2257,1399)
(2258,1403)
(2257,1405)
(2254,1403)
(2253,1402)
(2252,1405)
(2251,1404)
(2250,1407)
(2248,1411)
(2246,1411)
(2245,1405)
(2245,1401)
(2244,1398)
(2244,1396)
(2243,1395)
(2243,1396)
(2243,1394)
(2242,1394)
(2242,1395)
(2241,1395)
(2240,1396)
(2240,1391)
(2238,1392)
(2237,1391)
(2238,1389)
(2240,1389)
(2239,1387)
(2240,1388)
(2241,1387)
(2242,1384)
(2244,1384)
(2244,1387)
(2245,1387)
(2245,1388)
(2247,1388)
(2247,1383)
(2248,1384)
(2249,1383)
(2247,1380)
(2251,1379)
(2251,1376)
(2252,1376)
(2252,1374)
(2251,1375)
(2251,1371)
(2252,1369)
(2255,1367)
(2254,1363)
(2251,1364)
(2249,1364)
(2245,1366)
(2244,1365)
(2240,1370)
(2235,1372)
(2232,1375)
(2227,1374)
(2227,1377)
(2225,1378)
(2225,1379)
(2224,1379)
(2225,1378)
(2221,1380)
(2219,1381)
(2219,1380)
(2217,1381)
(2212,1383)
(2211,1383)
(2209,1385)
(2208,1386)
(2207,1385)
(2206,1387)
(2205,1385)
(2204,1385)
(2204,1384)
(2204,1382)
(2201,1382)
(2201,1384)
(2200,1382)
(2198,1382)
(2195,1385)
(2194,1388)
(2192,1389)
(2190,1388)
(2188,1392)
(2186,1392)
(2186,1385)
(2191,1383)
(2191,1378)
(2195,1377)
(2198,1373)
(2199,1373)
(2200,1372)
(2201,1370)
(2199,1369)
(2200,1369)
(2203,1369)
(2208,1367)
(2208,1364)
(2208,1358)
(2207,1356)
(2206,1354)
(2204,1355)
(2203,1352)
(2201,1352)
(2201,1353)
(2199,1353)
(2200,1351)
(2199,1351)
(2197,1352)
(2196,1351)
(2197,1349)
(2196,1349)
(2192,1349)
(2187,1351)
(2186,1349)
(2184,1350)
(2183,1349)
(2187,1348)
(2189,1344)
(2189,1343)
(2191,1341)
(2193,1342)
(2192,1343)
(2195,1343)
(2196,1343)
(2196,1342)
(2198,1342)
(2199,1343)
(2200,1342)
(2202,1343)
(2202,1341)
(2203,1340)
(2209,1338)
(2213,1334)
(2214,1332)
(2213,1330)
(2215,1328)
(2216,1329)
(2220,1330)
(2221,1329)
(2221,1322)
(2219,1316)
(2212,1315)
(2209,1316)
(2208,1318)
(2203,1313)
(2208,1309)
(2207,1306)
(2209,1302)
(2213,1301)
(2217,1303)
(2217,1300)
(2218,1301)
(2217,1299)
(2220,1299)
(2224,1295)
(2229,1294)
(2232,1295)
(2236,1300)
(2238,1302)
(2247,1299)
(2252,1294)
(2257,1287)
(2259,1284)
(2260,1280)
(2259,1279)
(2258,1279)
(2260,1278)
(2263,1279)
(2267,1278)
(2269,1273)
(2270,1267)
(2271,1266)
(2276,1268)
(2276,1270)
(2276,1272)
(2280,1277)
(2280,1278)
(2281,1279)
(2281,1277)
(2287,1282)
(2293,1282)
(2291,1284)
(2293,1284)
(2292,1285)
(2292,1288)
(2290,1292)
(2289,1296)
(2290,1300)
(2293,1303)
(2296,1304)
(2298,1306)
(2300,1311)
(2299,1321)
(2296,1323)
(2293,1330)