2918
(1426,4092)
(1433,4093)
(1434,4097)
(1435,4096)
(1437,4098)
(1435,4099)
(1435,4100)
(1436,4101)
(1438,4101)
(1438,4102)
(1437,4103)
(1438,4103)
(1438,4125)
(1459,4125)
(1460,4127)
(1460,4129)
(1457,4131)
(1456,4130)
(1454,4131)
(1455,4132)
(1459,4134)
(1460,4136)
(1455,4139)
(1457,4143)
(1458,4145)
(1455,4151)
(1457,4155)
(1458,4159)
(1457,4176)
(1450,4183)
(1450,4202)
(1452,4204)
(1459,4207)
(1460,4215)
(1462,4219)
(1462,4223)
(1465,4226)
(1466,4235)
(1465,4236)
(1462,4234)
(1457,4235)
(1455,4239)
(1454,4243)
(1454,4247)
(1456,4253)
(1459,4252)
(1462,4256)
(1462,4258)
(1462,4262)
(1464,4263)
(1465,4266)
(1466,4266)
(1467,4265)
(1467,4260)
(1469,4260)
(1472,4260)
(1473,4259)
(1476,4259)
(1479,4260)
(1481,4265)
(1485,4263)
(1490,4261)
(1496,4257)
(1509,4253)
(1516,4245)
(1520,4244)
(1524,4241)
(1541,4240)
(1543,4237)
(1541,4232)
(1540,4223)
(1542,4217)
(1548,4213)
(1550,4211)
(1554,4208)
(1559,4205)
(1565,4206)
(1575,4210)
(1579,4210)
(1583,4211)
(1586,4211)
(1592,4211)
(1594,4209)
(1596,4206)
(1595,4191)
(1596,4188)
(1600,4183)
(1605,4171)
(1609,4169)
(1620,4171)
(1631,4175)
(1637,4182)
(1639,4185)
(1645,4193)
(1650,4196)
(1656,4202)
(1670,4208)
(1677,4217)
(1681,4222)
(1683,4229)
(1682,4232)
(1680,4235)
(1676,4240)
(1672,4240)
(1664,4244)
(1662,4250)
(1663,4256)
(1671,4274)
(1672,4284)
(1673,4298)
(1678,4314)
(1687,4315)
(1693,4320)
(1700,4328)
(1704,4332)
(1721,4338)
(1726,4343)
(1737,4364)
(1742,4377)
(1749,4379)
(1755,4385)
(1774,4396)
(1797,4404)
(1801,4415)
(1804,4428)
(1812,4438)
(1819,4436)
(1820,4434)
(1822,4431)
(1823,4432)
(1824,4434)
(1825,4434)
(1825,4436)
(1829,4436)
(1828,4438)
(1830,4438)
(1832,4440)
(1832,4445)
(1837,4446)
(1841,4452)
(1843,4454)
(1844,4456)
(1846,4456)
(1848,4458)
(1850,4459)
(1851,4462)
(1854,4462)
(1855,4465)
(1858,4468)
(1859,4471)
(1864,4473)
(1861,4478)
(1863,4479)
(1864,4481)
(1865,4481)
(1867,4478)
(1867,4474)
(1869,4472)
(1877,4473)
(1884,4475)
(1887,4478)
(1889,4478)
(1891,4476)
(1896,4476)
(1904,4471)
(1906,4471)
(1906,4473)
(1909,4472)
(1913,4479)
(1917,4482)
(1917,4487)
(1921,4489)
(1921,4492)
(1922,4493)
(1922,4498)
(1924,4499)
(1924,4502)
(1925,4501)
(1926,4501)
(1926,4503)
(1924,4506)
(1925,4508)
(1925,4510)
(1926,4510)
(1927,4511)
(1929,4515)
(1929,4518)
(1930,4520)
(1932,4520)
(1934,4522)
(1937,4523)
(1941,4519)
(1944,4513)
(1945,4509)
(1948,4504)
(1949,4501)
(1947,4496)
(1949,4493)
(1949,4491)
(1948,4485)
(1949,4483)
(1950,4481)
(1956,4479)
(1960,4481)
(1964,4480)
(1970,4483)
(1970,4482)
(1969,4478)
(1966,4478)
(1965,4478)
(1965,4475)
(1966,4473)
(1964,4471)
(1966,4469)
(1967,4468)
(1966,4465)
(1982,4459)
(1983,4455)
(1990,4447)
(1993,4441)
(1995,4440)
(1996,4441)
(1997,4446)
(1999,4450)
(2005,4451)
(2015,4448)
(2016,4444)
(2019,4440)
(2021,4440)
(2025,4441)
(2027,4443)
(2029,4448)
(2033,4454)
(2037,4458)
(2039,4457)
(2043,4453)
(2042,4441)
(2043,4438)
(2044,4437)
(2046,4436)
(2048,4437)
(2049,4442)
(2051,4444)
(2057,4444)
(2059,4443)
(2060,4439)
(2060,4432)
(2061,4431)
(2059,4426)
(2060,4425)
(2064,4427)
(2067,4432)
(2073,4435)
(2074,4437)
(2077,4436)
(2079,4437)
(2080,4438)
(2081,4443)
(2079,4450)
(2082,4450)
(2084,4452)
(2087,4459)
(2087,4462)
(2086,4473)
(2083,4477)
(2081,4482)
(2082,4489)
(2080,4497)
(2080,4510)
(2077,4516)
(2070,4524)
(2068,4532)
(2070,4549)
(2078,4566)
(2079,4572)
(2078,4581)
(2082,4584)
(2085,4590)
(2087,4598)
(2085,4604)
(2084,4609)
(2085,4614)
(2087,4617)
(2092,4617)
(2095,4617)
(2098,4620)
(2100,4623)
(2103,4624)
(2106,4623)
(2108,4625)
(2109,4629)
(2111,4632)
(2113,4636)
(2114,4639)
(2116,4642)
(2118,4646)
(2120,4649)
(2121,4652)
(2123,4656)
(2125,4659)
(2126,4662)
(2128,4666)
(2130,4669)
(2128,4675)
(2129,4677)
(2130,4678)
(2133,4678)
(2134,4680)
(2133,4688)
(2137,4690)
(2140,4696)
(2142,4698)
(2143,4703)
(2146,4706)
(2146,4712)
(2149,4718)
(2151,4721)
(2155,4725)
(2155,4730)
(2154,4736)
(2155,4741)
(2157,4747)
(2157,4754)
(2159,4760)
(2158,4766)
(2156,4767)
(2153,4766)
(2151,4768)
(2152,4774)
(2152,4776)
(2150,4776)
(2149,4779)
(2148,4780)
(2146,4778)
(2139,4782)
(2138,4789)
(2134,4790)
(2134,4792)
(2137,4795)
(2136,4798)
(2127,4801)
(2125,4803)
(2125,4805)
(2127,4808)
(2134,4812)
(2133,4815)
(2130,4818)
(2131,4821)
(2131,4823)
(2128,4823)
(2125,4823)
(2121,4818)
(2119,4817)
(2114,4818)
(2112,4818)
(2106,4812)
(2094,4812)
(2091,4811)
(2086,4806)
(2080,4804)
(2079,4801)
(2080,4793)
(2074,4791)
(2073,4786)
(2072,4783)
(2070,4784)
(2067,4786)
(2065,4783)
(2066,4772)
(2064,4772)
(2052,4775)
(2051,4773)
(2051,4771)
(2047,4771)
(2044,4768)
(2042,4766)
(2041,4765)
(2042,4748)
(2040,4746)
(2041,4738)
(2038,4734)
(2030,4737)
(2025,4741)
(2023,4741)
(2018,4742)
(2017,4741)
(2018,4737)
(2018,4735)
(2014,4734)
(2012,4736)
(2004,4736)
(1999,4740)
(1997,4745)
(1993,4746)
(1994,4749)
(1992,4755)
(1991,4762)
(1990,4764)
(1988,4764)
(1986,4762)
(1978,4761)
(1976,4763)
(1973,4767)
(1968,4768)
(1965,4772)
(1959,4770)
(1956,4767)
(1952,4761)
(1950,4759)
(1951,4756)
(1950,4750)
(1948,4747)
(1945,4747)
(1943,4746)
(1943,4742)
(1941,4738)
(1942,4736)
(1946,4732)
(1948,4727)
(1954,4725)
(1956,4727)
(1958,4726)
(1958,4722)
(1956,4721)
(1955,4719)
(1954,4714)
(1955,4709)
(1954,4705)
(1952,4704)
(1945,4709)
(1943,4707)
(1941,4709)
(1935,4709)
(1934,4709)
(1933,4713)
(1927,4716)
(1923,4720)
(1919,4726)
(1909,4723)
(1907,4722)
(1905,4723)
(1904,4723)
(1901,4725)
(1900,4726)
(1901,4727)
(1899,4728)
(1897,4731)
(1891,4723)
(1889,4723)
(1888,4726)
(1887,4728)
(1881,4726)
(1878,4726)
(1877,4729)
(1878,4731)
(1878,4732)
(1878,4734)
(1882,4737)
(1880,4740)
(1885,4741)
(1886,4745)
(1885,4747)
(1884,4750)
(1881,4750)
(1880,4753)
(1878,4753)
(1876,4755)
(1874,4755)
(1873,4757)
(1869,4758)
(1866,4764)
(1862,4765)
(1861,4770)
(1858,4773)
(1856,4776)
(1858,4780)
(1859,4783)
(1859,4785)
(1858,4793)
(1853,4795)
(1853,4798)
(1851,4803)
(1847,4805)
(1847,4807)
(1848,4810)
(1848,4812)
(1846,4813)
(1844,4815)
(1841,4814)
(1841,4811)
(1837,4814)
(1834,4812)
(1834,4814)
(1834,4819)
(1828,4832)
(1828,4836)
(1824,4845)
(1819,4849)
(1816,4860)
(1813,4862)
(1812,4861)
(1811,4857)
(1811,4855)
(1813,4855)
(1812,4853)
(1810,4852)
(1808,4852)
(1803,4846)
(1801,4845)
(1801,4843)
(1798,4841)
(1797,4836)
(1791,4832)
(1788,4829)
(1787,4825)
(1785,4822)
(1780,4823)
(1779,4825)
(1776,4824)
(1773,4821)
(1771,4821)
(1769,4817)
(1767,4817)
(1767,4815)
(1765,4814)
(1763,4816)
(1759,4817)
(1759,4818)
(1752,4817)
(1753,4815)
(1752,4814)
(1749,4815)
(1748,4814)
(1747,4810)
(1746,4809)
(1742,4807)
(1740,4808)
(1737,4804)
(1735,4803)
(1730,4804)
(1729,4808)
(1726,4811)
(1725,4815)
(1723,4816)
(1722,4819)
(1718,4821)
(1718,4826)
(1714,4831)
(1715,4831)
(1719,4830)
(1721,4832)
(1721,4835)
(1719,4835)
(1718,4840)
(1715,4842)
(1714,4845)
(1712,4847)
(1710,4850)
(1710,4854)
(1708,4854)
(1706,4856)
(1706,4861)
(1704,4861)
(1702,4872)
(1695,4875)
(1692,4879)
(1690,4879)
(1689,4878)
(1689,4879)
(1688,4879)
(1688,4882)
(1690,4883)
(1689,4886)
(1688,4888)
(1685,4889)
(1681,4896)
(1679,4898)
(1678,4902)
(1675,4907)
(1671,4913)
(1672,4915)
(1674,4917)
(1675,4920)
(1675,4925)
(1672,4927)
(1671,4930)
(1665,4939)
(1664,4941)
(1661,4945)
(1660,4947)
(1663,4962)
(1661,4963)
(1653,4965)
(1650,4966)
(1650,4975)
(1648,4977)
(1647,4982)
(1647,4991)
(1643,4995)
(1641,4996)
(1640,4999)
(1641,5001)
(1644,5003)
(1645,5004)
(1647,5003)
(1649,5004)
(1648,5016)
(1641,5031)
(1642,5033)
(1645,5030)
(1646,5030)
(1647,5035)
(1647,5042)
(1651,5046)
(1651,5049)
(1650,5049)
(1648,5052)
(1646,5053)
(1647,5055)
(1644,5057)
(1643,5059)
(1640,5077)
(1638,5079)
(1633,5081)
(1628,5081)
(1623,5079)
(1620,5085)
(1621,5091)
(1618,5094)
(1617,5098)
(1614,5098)
(1613,5102)
(1611,5102)
(1612,5107)
(1612,5111)
(1611,5112)
(1608,5111)
(1606,5113)
(1604,5120)
(1606,5123)
(1608,5125)
(1608,5129)
(1612,5138)
(1608,5144)
(1606,5144)
(1600,5144)
(1596,5148)
(1596,5150)
(1594,5151)
(1597,5157)
(1599,5158)
(1600,5162)
(1596,5168)
(1596,5172)
(1595,5172)
(1597,5177)
(1597,5180)
(1596,5180)
(1595,5180)
(1595,5183)
(1594,5185)
(1592,5192)
(1590,5194)
(1589,5197)
(1585,5204)
(1587,5206)
(1586,5210)
(1588,5213)
(1590,5214)
(1592,5216)
(1592,5220)
(1595,5224)
(1587,5226)
(1585,5228)
(1584,5229)
(1585,5235)
(1582,5236)
(1581,5240)
(1581,5241)
(1584,5242)
(1586,5248)
(1585,5252)
(1583,5256)
(1584,5259)
(1586,5261)
(1585,5266)
(1587,5267)
(1588,5267)
(1586,5271)
(1588,5273)
(1588,5274)
(1587,5276)
(1586,5275)
(1584,5277)
(1582,5281)
(1586,5286)
(1589,5287)
(1592,5286)
(1596,5288)
(1600,5290)
(1606,5292)
(1612,5291)
(1616,5288)
(1619,5287)
(1622,5284)
(1623,5282)
(1627,5280)
(1629,5281)
(1634,5281)
(1640,5284)
(1644,5282)
(1646,5284)
(1649,5283)
(1652,5283)
(1655,5285)
(1656,5287)
(1667,5291)
(1669,5291)
(1671,5292)
(1672,5289)
(1674,5287)
(1677,5289)
(1679,5304)
(1682,5309)
(1682,5312)
(1684,5313)
(1687,5318)
(1685,5320)
(1684,5325)
(1680,5330)
(1676,5330)
(1674,5332)
(1672,5333)
(1660,5330)
(1653,5326)
(1651,5327)
(1647,5327)
(1646,5327)
(1643,5329)
(1643,5331)
(1639,5335)
(1637,5334)
(1635,5328)
(1629,5325)
(1628,5328)
(1625,5332)
(1617,5333)
(1619,5335)
(1618,5337)
(1616,5337)
(1615,5339)
(1616,5342)
(1613,5345)
(1610,5346)
(1609,5348)
(1609,5352)
(1609,5356)
(1611,5358)
(1612,5362)
(1608,5368)
(1609,5372)
(1606,5379)
(1604,5377)
(1603,5378)
(1604,5381)
(1602,5386)
(1602,5391)
(1604,5391)
(1603,5394)
(1605,5409)
(1607,5411)
(1609,5411)
(1611,5413)
(1611,5418)
(1614,5421)
(1614,5423)
(1608,5434)
(1606,5442)
(1607,5462)
(1609,5465)
(1608,5474)
(1607,5477)
(1607,5479)
(1608,5483)
(1613,5485)
(1612,5490)
(1608,5493)
(1609,5497)
(1608,5500)
(1609,5502)
(1608,5503)
(1612,5511)
(1611,5512)
(1609,5513)
(1608,5514)
(1610,5515)
(1611,5514)
(1612,5516)
(1614,5515)
(1611,5519)
(1611,5521)
(1612,5525)
(1614,5526)
(1616,5527)
(1621,5525)
(1625,5521)
(1626,5521)
(1630,5521)
(1631,5523)
(1635,5524)
(1637,5527)
(1642,5525)
(1649,5520)
(1647,5517)
(1647,5512)
(1645,5507)
(1645,5506)
(1647,5506)
(1649,5500)
(1653,5497)
(1659,5496)
(1660,5496)
(1663,5499)
(1666,5499)
(1666,5510)
(1664,5513)
(1664,5518)
(1664,5521)
(1666,5524)
(1667,5525)
(1669,5528)
(1669,5535)
(1672,5535)
(1672,5536)
(1668,5538)
(1668,5540)
(1671,5541)
(1668,5543)
(1669,5544)
(1672,5545)
(1671,5546)
(1670,5547)
(1672,5553)
(1674,5555)
(1675,5558)
(1678,5563)
(1683,5564)
(1684,5560)
(1688,5561)
(1692,5568)
(1691,5569)
(1692,5573)
(1695,5576)
(1696,5579)
(1702,5585)
(1703,5588)
(1718,5594)
(1718,5597)
(1720,5599)
(1721,5614)
(1721,5619)
(1723,5622)
(1722,5624)
(1725,5628)
(1726,5631)
(1727,5634)
(1728,5634)
(1728,5636)
(1730,5636)
(1730,5640)
(1732,5643)
(1733,5643)
(1738,5642)
(1739,5648)
(1745,5653)
(1749,5657)
(1749,5661)
(1752,5664)
(1753,5665)
(1753,5673)
(1756,5674)
(1760,5678)
(1759,5682)
(1756,5685)
(1753,5688)
(1750,5688)
(1751,5692)
(1749,5697)
(1747,5701)
(1748,5701)
(1750,5699)
(1749,5701)
(1749,5705)
(1747,5707)
(1746,5713)
(1744,5715)
(1742,5723)
(1743,5728)
(1748,5730)
(1748,5733)
(1753,5732)
(1753,5735)
(1755,5735)
(1755,5738)
(1758,5741)
(1758,5743)
(1761,5746)
(1762,5750)
(1764,5753)
(1764,5757)
(1768,5765)
(1761,5771)
(1759,5771)
(1755,5774)
(1754,5777)
(1755,5779)
(1757,5782)
(1755,5784)
(1751,5781)
(1750,5775)
(1749,5773)
(1746,5771)
(1745,5767)
(1744,5769)
(1740,5771)
(1737,5769)
(1734,5770)
(1734,5772)
(1736,5775)
(1742,5781)
(1743,5786)
(1744,5790)
(1738,5789)
(1738,5791)
(1734,5792)
(1727,5797)
(1724,5796)
(1721,5788)
(1718,5789)
(1715,5786)
(1715,5784)
(1714,5784)
(1713,5780)
(1712,5780)
(1709,5782)
(1705,5776)
(1705,5777)
(1703,5779)
(1704,5782)
(1701,5784)
(1705,5787)
(1706,5792)
(1708,5796)
(1708,5799)
(1706,5804)
(1702,5807)
(1702,5815)
(1701,5816)
(1700,5819)
(1700,5821)
(1703,5825)
(1703,5828)
(1699,5832)
(1699,5834)
(1697,5835)
(1694,5838)
(1693,5841)
(1692,5842)
(1690,5840)
(1685,5839)
(1681,5844)
(1677,5842)
(1674,5842)
(1673,5839)
(1674,5839)
(1675,5837)
(1674,5834)
(1668,5827)
(1667,5825)
(1665,5825)
(1664,5821)
(1660,5818)
(1660,5816)
(1657,5813)
(1655,5813)
(1650,5815)
(1648,5814)
(1647,5814)
(1633,5826)
(1631,5828)
(1630,5828)
(1628,5830)
(1625,5828)
(1626,5826)
(1626,5824)
(1628,5821)
(1631,5813)
(1633,5812)
(1635,5813)
(1636,5811)
(1639,5809)
(1641,5807)
(1642,5803)
(1640,5800)
(1641,5799)
(1642,5797)
(1639,5794)
(1638,5791)
(1638,5786)
(1637,5778)
(1636,5772)
(1634,5766)
(1630,5761)
(1625,5758)
(1622,5754)
(1620,5748)
(1618,5745)
(1613,5743)
(1613,5739)
(1609,5737)
(1609,5731)
(1603,5726)
(1599,5716)
(1599,5715)
(1601,5715)
(1601,5714)
(1598,5712)
(1597,5708)
(1594,5709)
(1589,5704)
(1585,5706)
(1580,5704)
(1573,5705)
(1572,5707)
(1571,5706)
(1567,5707)
(1565,5710)
(1563,5711)
(1558,5705)
(1556,5701)
(1545,5702)
(1544,5700)
(1535,5693)
(1534,5693)
(1534,5691)
(1530,5687)
(1530,5684)
(1528,5682)
(1524,5678)
(1520,5677)
(1517,5675)
(1513,5675)
(1511,5676)
(1508,5684)
(1501,5684)
(1499,5682)
(1496,5682)
(1492,5680)
(1489,5677)
(1486,5677)
(1483,5676)
(1483,5675)
(1483,5672)
(1477,5671)
(1474,5667)
(1470,5665)
(1469,5663)
(1465,5663)
(1464,5661)
(1462,5662)
(1460,5659)
(1457,5659)
(1449,5655)
(1440,5653)
(1436,5650)
(1432,5649)
(1431,5648)
(1431,5647)
(1433,5646)
(1434,5643)
(1435,5642)
(1437,5636)
(1436,5629)
(1440,5625)
(1441,5618)
(1440,5617)
(1438,5616)
(1439,5614)
(1438,5612)
(1438,5609)
(1445,5604)
(1445,5602)
(1444,5600)
(1439,5600)
(1435,5603)
(1432,5603)
(1424,5604)
(1421,5606)
(1419,5605)
(1416,5605)
(1410,5604)
(1403,5604)
(1401,5602)
(1394,5603)
(1390,5602)
(1388,5603)
(1387,5601)
(1384,5601)
(1381,5598)
(1381,5594)
(1384,5592)
(1383,5588)
(1381,5588)
(1375,5590)
(1375,5589)
(1373,5588)
(1373,5587)
(1367,5586)
(1360,5586)
(1356,5588)
(1352,5587)
(1348,5588)
(1346,5591)
(1335,5592)
(1334,5589)
(1332,5590)
(1331,5589)
(1333,5585)
(1332,5583)
(1327,5583)
(1326,5581)
(1324,5579)
(1320,5580)
(1322,5577)
(1321,5576)
(1320,5575)
(1317,5574)
(1319,5573)
(1323,5572)
(1330,5563)
(1329,5562)
(1326,5562)
(1326,5561)
(1322,5561)
(1321,5559)
(1319,5556)
(1328,5554)
(1328,5556)
(1330,5556)
(1332,5555)
(1351,5553)
(1353,5552)
(1356,5552)
(1363,5551)
(1366,5548)
(1370,5547)
(1371,5548)
(1373,5547)
(1376,5543)
(1383,5543)
(1386,5542)
(1393,5541)
(1397,5543)
(1402,5542)
(1406,5539)
(1413,5538)
(1416,5537)
(1418,5537)
(1422,5537)
(1423,5536)
(1423,5535)
(1419,5533)
(1419,5532)
(1423,5532)
(1424,5530)
(1424,5528)
(1419,5524)
(1419,5522)
(1424,5518)
(1424,5517)
(1420,5516)
(1415,5518)
(1410,5518)
(1407,5516)
(1406,5513)
(1405,5511)
(1396,5506)
(1385,5509)
(1384,5507)
(1382,5507)
(1380,5503)
(1379,5499)
(1377,5497)
(1378,5496)
(1379,5494)
(1380,5493)
(1383,5493)
(1384,5491)
(1385,5492)
(1391,5490)
(1392,5488)
(1393,5488)
(1393,5487)
(1394,5487)
(1396,5486)
(1396,5484)
(1392,5483)
(1385,5484)
(1384,5483)
(1385,5481)
(1388,5480)
(1399,5478)
(1400,5477)
(1402,5479)
(1402,5477)
(1409,5475)
(1411,5472)
(1413,5472)
(1418,5470)
(1420,5470)
(1419,5471)
(1421,5472)
(1422,5470)
(1424,5470)
(1426,5473)
(1431,5475)
(1434,5474)
(1438,5476)
(1440,5479)
(1439,5481)
(1440,5482)
(1443,5483)
(1446,5482)
(1447,5485)
(1445,5492)
(1446,5497)
(1447,5498)
(1449,5498)
(1453,5499)
(1449,5502)
(1449,5505)
(1454,5505)
(1454,5510)
(1451,5510)
(1449,5514)
(1456,5516)
(1460,5515)
(1461,5517)
(1459,5519)
(1460,5520)
(1462,5518)
(1463,5518)
(1462,5525)
(1464,5527)
(1466,5528)
(1471,5528)
(1474,5531)
(1478,5532)
(1485,5535)
(1489,5536)
(1493,5535)
(1494,5535)
(1494,5538)
(1491,5543)
(1492,5549)
(1493,5550)
(1496,5549)
(1497,5547)
(1498,5547)
(1498,5545)
(1502,5544)
(1503,5541)
(1505,5540)
(1506,5534)
(1508,5532)
(1509,5529)
(1510,5527)
(1511,5522)
(1510,5519)
(1511,5516)
(1510,5505)
(1509,5505)
(1510,5503)
(1508,5502)
(1508,5499)
(1508,5496)
(1510,5495)
(1509,5493)
(1508,5489)
(1510,5484)
(1510,5480)
(1512,5475)
(1512,5474)
(1512,5465)
(1510,5458)
(1509,5452)
(1509,5449)
(1511,5446)
(1510,5445)
(1510,5441)
(1511,5439)
(1510,5431)
(1509,5426)
(1509,5423)
(1512,5417)
(1513,5407)
(1517,5398)
(1519,5395)
(1517,5393)
(1517,5391)
(1522,5389)
(1531,5391)
(1538,5392)
(1544,5389)
(1546,5390)
(1549,5388)
(1556,5392)
(1557,5389)
(1559,5391)
(1560,5390)
(1559,5389)
(1563,5387)
(1565,5387)
(1569,5384)
(1570,5381)
(1572,5381)
(1574,5381)
(1573,5378)
(1571,5378)
(1570,5379)
(1571,5377)
(1569,5375)
(1568,5376)
(1568,5378)
(1566,5376)
(1566,5375)
(1565,5378)
(1564,5378)
(1562,5375)
(1560,5375)
(1558,5374)
(1558,5373)
(1560,5371)
(1560,5366)
(1562,5364)
(1560,5362)
(1561,5359)
(1564,5357)
(1564,5355)
(1566,5355)
(1567,5354)
(1568,5349)
(1576,5347)
(1579,5345)
(1580,5346)
(1579,5347)
(1580,5348)
(1581,5344)
(1583,5344)
(1584,5342)
(1587,5338)
(1585,5335)
(1582,5335)
(1581,5337)
(1580,5338)
(1580,5340)
(1578,5340)
(1578,5342)
(1576,5342)
(1576,5343)
(1576,5344)
(1574,5343)
(1574,5340)
(1574,5337)
(1577,5336)
(1577,5334)
(1576,5332)
(1574,5332)
(1574,5331)
(1574,5330)
(1577,5328)
(1578,5326)
(1576,5321)
(1577,5320)
(1577,5322)
(1578,5323)
(1579,5324)
(1581,5324)
(1582,5322)
(1583,5322)
(1584,5320)
(1585,5321)
(1585,5319)
(1588,5317)
(1588,5314)
(1592,5309)
(1593,5306)
(1598,5305)
(1595,5302)
(1588,5300)
(1587,5302)
(1589,5303)
(1588,5309)
(1582,5312)
(1582,5307)
(1580,5306)
(1579,5304)
(1577,5301)
(1573,5301)
(1571,5295)
(1569,5291)
(1567,5291)
(1566,5289)
(1564,5291)
(1562,5291)
(1561,5289)
(1556,5287)
(1555,5286)
(1550,5287)
(1548,5288)
(1547,5289)
(1548,5293)
(1549,5295)
(1548,5297)
(1544,5301)
(1540,5307)
(1536,5307)
(1534,5310)
(1532,5311)
(1532,5313)
(1531,5313)
(1530,5317)
(1528,5322)
(1530,5323)
(1531,5328)
(1528,5330)
(1526,5330)
(1524,5329)
(1522,5331)
(1520,5333)
(1520,5334)
(1519,5335)
(1519,5340)
(1517,5341)
(1514,5337)
(1512,5338)
(1512,5336)
(1511,5336)
(1510,5337)
(1510,5336)
(1511,5333)
(1512,5330)
(1510,5328)
(1510,5325)
(1511,5324)
(1512,5317)
(1510,5315)
(1511,5312)
(1512,5310)
(1511,5307)
(1504,5308)
(1500,5305)
(1496,5304)
(1492,5301)
(1493,5296)
(1495,5295)
(1497,5293)
(1495,5288)
(1491,5290)
(1489,5288)
(1489,5287)
(1486,5286)
(1486,5285)
(1483,5284)
(1481,5283)
(1476,5286)
(1471,5287)
(1470,5288)
(1466,5299)
(1459,5310)
(1459,5315)
(1458,5319)
(1459,5321)
(1455,5324)
(1452,5325)
(1450,5323)
(1445,5322)
(1444,5324)
(1442,5324)
(1442,5325)
(1440,5323)
(1439,5325)
(1435,5324)
(1434,5322)
(1432,5320)
(1432,5317)
(1432,5316)
(1429,5316)
(1426,5315)
(1425,5315)
(1419,5314)
(1418,5315)
(1416,5315)
(1415,5318)
(1413,5319)
(1411,5322)
(1410,5324)
(1408,5325)
(1410,5327)
(1410,5328)
(1408,5327)
(1404,5325)
(1402,5325)
(1399,5323)
(1395,5323)
(1393,5328)
(1395,5330)
(1393,5336)
(1392,5339)
(1391,5339)
(1390,5337)
(1387,5335)
(1386,5332)
(1378,5332)
(1376,5334)
(1372,5336)
(1371,5338)
(1367,5338)
(1365,5336)
(1361,5337)
(1358,5337)
(1355,5338)
(1353,5337)
(1353,5336)
(1351,5338)
(1348,5340)
(1345,5340)
(1344,5339)
(1339,5340)
(1338,5341)
(1337,5340)
(1336,5341)
(1331,5344)
(1329,5345)
(1329,5346)
(1325,5343)
(1319,5345)
(1316,5344)
(1315,5342)
(1316,5341)
(1314,5341)
(1314,5340)
(1316,5337)
(1319,5336)
(1319,5335)
(1317,5334)
(1315,5336)
(1312,5341)
(1307,5341)
(1300,5345)
(1297,5345)
(1296,5343)
(1298,5342)
(1296,5340)
(1298,5336)
(1299,5334)
(1302,5332)
(1306,5332)
(1301,5330)
(1298,5331)
(1297,5329)
(1298,5328)
(1299,5329)
(1301,5328)
(1300,5328)
(1299,5327)
(1297,5326)
(1295,5328)
(1294,5327)
(1293,5324)
(1294,5323)
(1297,5323)
(1302,5321)
(1311,5322)
(1313,5323)
(1317,5323)
(1320,5326)
(1322,5325)
(1324,5323)
(1328,5326)
(1327,5324)
(1325,5321)
(1321,5324)
(1316,5321)
(1316,5318)
(1318,5317)
(1321,5320)
(1326,5318)
(1329,5319)
(1330,5321)
(1332,5321)
(1332,5320)
(1326,5317)
(1322,5318)
(1319,5316)
(1316,5316)
(1309,5313)
(1306,5314)
(1307,5317)
(1305,5318)
(1302,5317)
(1302,5315)
(1297,5316)
(1297,5314)
(1294,5314)
(1293,5313)
(1294,5312)
(1293,5312)
(1292,5313)
(1291,5310)
(1293,5309)
(1295,5310)
(1296,5311)
(1300,5312)
(1305,5310)
(1307,5312)
(1309,5312)
(1312,5310)
(1315,5311)
(1317,5310)
(1315,5310)
(1313,5308)
(1311,5309)
(1308,5310)
(1308,5308)
(1304,5307)
(1300,5308)
(1297,5307)
(1295,5303)
(1298,5303)
(1302,5303)
(1301,5301)
(1303,5300)
(1302,5299)
(1300,5301)
(1297,5301)
(1296,5299)
(1306,5298)
(1308,5296)
(1307,5295)
(1300,5298)
(1296,5297)
(1294,5298)
(1293,5295)
(1297,5293)
(1296,5292)
(1297,5292)
(1300,5291)
(1301,5291)
(1303,5292)
(1308,5292)
(1312,5289)
(1315,5290)
(1317,5289)
(1319,5289)
(1324,5293)
(1329,5292)
(1331,5290)
(1333,5285)
(1334,5285)
(1333,5282)
(1334,5280)
(1338,5278)
(1345,5276)
(1345,5274)
(1344,5275)
(1336,5277)
(1333,5279)
(1332,5281)
(1330,5289)
(1327,5290)
(1325,5290)
(1321,5285)
(1321,5283)
(1318,5282)
(1311,5279)
(1308,5274)
(1306,5273)
(1302,5268)
(1299,5260)
(1299,5258)
(1296,5247)
(1294,5242)
(1293,5233)
(1289,5224)
(1283,5218)
(1276,5213)
(1272,5210)
(1269,5210)
(1259,5213)
(1257,5214)
(1248,5218)
(1247,5218)
(1247,5214)
(1246,5213)
(1245,5216)
(1245,5219)
(1242,5220)
(1243,5217)
(1242,5216)
(1241,5219)
(1240,5220)
(1240,5222)
(1242,5223)
(1229,5205)
(1227,5204)
(1223,5203)
(1222,5203)
(1224,5206)
(1223,5207)
(1226,5208)
(1223,5208)
(1219,5205)
(1218,5202)
(1217,5202)
(1219,5205)
(1217,5202)
(1211,5189)
(1206,5188)
(1206,5189)
(1201,5184)
(1200,5184)
(1200,5185)
(1199,5185)
(1199,5182)
(1204,5177)
(1203,5174)
(1205,5171)
(1208,5169)
(1205,5169)
(1204,5170)
(1201,5174)
(1201,5178)
(1199,5179)
(1198,5183)
(1197,5179)
(1194,5176)
(1191,5166)
(1191,5163)
(1190,5161)
(1186,5144)
(1183,5137)
(1183,5138)
(1184,5137)
(1181,5132)
(1180,5127)
(1181,5127)
(1181,5125)
(1182,5125)
(1184,5131)
(1183,5131)
(1184,5134)
(1185,5133)
(1188,5134)
(1190,5135)
(1193,5134)
(1194,5128)
(1190,5121)
(1187,5119)
(1186,5115)
(1183,5112)
(1181,5112)
(1176,5108)
(1173,5109)
(1173,5108)
(1172,5106)
(1171,5106)
(1171,5107)
(1168,5108)
(1170,5110)
(1170,5112)
(1172,5112)
(1173,5111)
(1173,5114)
(1175,5112)
(1175,5113)
(1176,5115)
(1178,5114)
(1179,5115)
(1178,5118)
(1180,5121)
(1180,5123)
(1181,5123)
(1180,5124)
(1179,5124)
(1178,5123)
(1177,5123)
(1175,5120)
(1177,5119)
(1176,5119)
(1176,5117)
(1174,5119)
(1181,5135)
(1175,5120)
(1168,5110)
(1165,5106)
(1162,5104)
(1160,5101)
(1153,5092)
(1149,5089)
(1147,5087)
(1147,5086)
(1148,5086)
(1149,5084)
(1146,5083)
(1144,5084)
(1146,5085)
(1146,5087)
(1139,5082)
(1133,5077)
(1126,5072)
(1121,5067)
(1119,5066)
(1112,5057)
(1111,5056)
(1111,5055)
(1110,5054)
(1110,5057)
(1113,5061)
(1102,5048)
(1098,5047)
(1094,5041)
(1093,5036)
(1092,5036)
(1092,5034)
(1089,5027)
(1081,5015)
(1076,5011)
(1074,5008)
(1075,5007)
(1073,5007)
(1063,5001)
(1061,4998)
(1063,4997)
(1063,4994)
(1062,4995)
(1060,4998)
(1058,4995)
(1058,4993)
(1056,4994)
(1053,4990)
(1050,4981)
(1047,4979)
(1045,4974)
(1045,4973)
(1044,4971)
(1042,4966)
(1035,4952)
(1032,4949)
(1023,4939)
(1016,4936)
(1015,4935)
(1013,4935)
(1012,4937)
(1011,4941)
(1009,4942)
(1011,4942)
(1016,4942)
(1017,4941)
(1012,4942)
(1008,4942)
(997,4939)
(996,4938)
(997,4937)
(994,4938)
(987,4924)
(987,4922)
(985,4920)
(984,4917)
(983,4916)
(982,4910)
(978,4902)
(980,4899)
(981,4894)
(982,4894)
(982,4892)
(981,4893)
(981,4888)
(980,4885)
(982,4886)
(983,4885)
(982,4883)
(982,4881)
(982,4879)
(979,4875)
(977,4876)
(971,4872)
(963,4869)
(958,4869)
(958,4868)
(951,4860)
(947,4861)
(951,4854)
(956,4855)
(962,4854)
(961,4853)
(960,4853)
(961,4853)
(955,4854)
(950,4851)
(943,4849)
(944,4848)
(950,4848)
(953,4847)
(954,4840)
(953,4839)
(953,4841)
(953,4836)
(952,4834)
(953,4833)
(951,4831)
(946,4822)
(942,4817)
(930,4812)
(929,4812)
(924,4808)
(919,4805)
(913,4805)
(911,4804)
(905,4803)
(890,4805)
(887,4806)
(882,4806)
(880,4809)
(876,4811)
(875,4811)
(874,4809)
(874,4812)
(869,4811)
(861,4811)
(856,4809)
(855,4805)
(852,4802)
(852,4805)
(854,4808)
(849,4808)
(841,4809)
(829,4815)
(826,4815)
(824,4814)
(821,4814)
(807,4819)
(806,4819)
(807,4818)
(811,4817)
(817,4813)
(819,4811)
(820,4811)
(824,4809)
(819,4809)
(817,4808)
(817,4807)
(820,4807)
(821,4806)
(819,4805)
(819,4804)
(817,4804)
(817,4803)
(810,4807)
(809,4810)
(809,4814)
(808,4816)
(806,4816)
(805,4819)
(803,4820)
(807,4820)
(800,4821)
(795,4820)
(795,4819)
(793,4819)
(793,4820)
(792,4820)
(788,4818)
(786,4819)
(784,4817)
(777,4816)
(767,4816)
(749,4810)
(741,4806)
(739,4803)
(737,4802)
(734,4799)
(733,4797)
(732,4797)
(734,4800)
(722,4792)
(718,4791)
(710,4788)
(708,4788)
(706,4787)
(693,4785)
(686,4787)
(686,4788)
(687,4787)
(686,4789)
(682,4789)
(683,4786)
(678,4780)
(678,4782)
(681,4785)
(682,4786)
(681,4790)
(674,4790)
(670,4791)
(649,4790)
(623,4792)
(617,4791)
(616,4787)
(617,4787)
(619,4784)
(618,4782)
(619,4778)
(618,4777)
(618,4781)
(617,4783)
(618,4785)
(616,4786)
(616,4784)
(618,4773)
(619,4773)
(619,4776)
(620,4776)
(620,4774)
(620,4772)
(619,4772)
(619,4771)
(619,4764)
(617,4762)
(617,4759)
(613,4756)
(611,4756)
(611,4754)
(605,4754)
(602,4757)
(601,4755)
(595,4750)
(590,4747)
(584,4742)
(580,4739)
(578,4738)
(576,4737)
(570,4736)
(569,4734)
(564,4737)
(559,4742)
(557,4746)
(557,4753)
(557,4756)
(559,4758)
(559,4761)
(555,4760)
(551,4766)
(549,4767)
(550,4764)
(554,4760)
(555,4757)
(555,4754)
(556,4750)
(555,4747)
(556,4738)
(555,4735)
(555,4733)
(554,4729)
(551,4724)
(551,4720)
(549,4719)
(546,4705)
(538,4694)
(534,4692)
(532,4690)
(526,4690)
(526,4692)
(527,4692)
(526,4693)
(525,4692)
(524,4690)
(519,4688)
(519,4687)
(517,4688)
(509,4688)
(504,4684)
(502,4684)
(500,4679)
(495,4671)
(493,4668)
(491,4667)
(488,4655)
(487,4654)
(485,4654)
(484,4652)
(487,4638)
(489,4637)
(491,4634)
(504,4618)
(528,4600)
(534,4593)
(535,4592)
(536,4593)
(534,4595)
(535,4597)
(535,4594)
(538,4596)
(538,4600)
(539,4598)
(540,4600)
(540,4599)
(540,4595)
(537,4594)
(540,4594)
(536,4592)
(540,4591)
(547,4587)
(548,4588)
(547,4589)
(550,4589)
(550,4588)
(549,4588)
(555,4586)
(555,4585)
(549,4587)
(557,4583)
(569,4579)
(581,4577)
(585,4577)
(597,4574)
(598,4575)
(595,4578)
(595,4576)
(593,4576)
(592,4576)
(593,4577)
(592,4577)
(590,4577)
(592,4578)
(592,4579)
(582,4580)
(584,4581)
(589,4580)
(591,4579)
(592,4580)
(589,4582)
(582,4582)
(580,4585)
(581,4585)
(582,4584)
(582,4583)
(584,4584)
(587,4583)
(589,4584)
(595,4582)
(598,4579)
(597,4578)
(598,4577)
(599,4576)
(602,4576)
(604,4575)
(605,4575)
(607,4574)
(606,4574)
(607,4573)
(608,4573)
(607,4572)
(604,4574)
(599,4574)
(605,4571)
(610,4571)
(612,4574)
(614,4574)
(614,4573)
(616,4572)
(612,4572)
(611,4570)
(622,4567)
(625,4565)
(630,4563)
(633,4561)
(645,4555)
(646,4555)
(648,4556)
(648,4554)
(656,4553)
(665,4550)
(680,4544)
(682,4544)
(682,4543)
(687,4541)
(688,4537)
(702,4532)
(711,4523)
(711,4521)
(714,4519)
(715,4519)
(716,4518)
(715,4524)
(716,4523)
(718,4524)
(717,4521)
(717,4519)
(719,4517)
(720,4516)
(720,4520)
(721,4519)
(722,4518)
(721,4516)
(719,4516)
(718,4517)
(720,4514)
(721,4513)
(720,4512)
(726,4511)
(732,4508)
(735,4508)
(733,4506)
(740,4504)
(751,4498)
(765,4491)
(767,4491)
(770,4489)
(769,4492)
(771,4493)
(772,4496)
(772,4495)
(771,4491)
(772,4489)
(781,4486)
(785,4487)
(786,4486)
(793,4484)
(801,4483)
(803,4481)
(808,4481)
(805,4481)
(805,4482)
(805,4483)
(806,4482)
(808,4483)
(808,4482)
(811,4481)
(818,4480)
(817,4480)
(819,4481)
(818,4482)
(819,4484)
(819,4482)
(821,4481)
(822,4482)
(822,4481)
(820,4479)
(821,4478)
(830,4477)
(836,4474)
(839,4471)
(841,4470)
(843,4470)
(851,4468)
(855,4466)
(855,4471)
(858,4465)
(865,4464)
(865,4463)
(871,4461)
(872,4462)
(869,4463)
(868,4463)
(867,4464)
(868,4464)
(869,4465)
(870,4464)
(871,4463)
(872,4462)
(872,4463)
(873,4461)
(874,4461)
(873,4460)
(871,4460)
(871,4458)
(875,4457)
(876,4460)
(877,4459)
(876,4457)
(877,4456)
(881,4456)
(883,4455)
(884,4453)
(883,4452)
(885,4450)
(885,4449)
(886,4448)
(888,4445)
(888,4447)
(890,4447)
(890,4449)
(890,4450)
(892,4451)
(892,4454)
(893,4452)
(894,4453)
(891,4448)
(891,4447)
(894,4445)
(895,4442)
(898,4442)
(900,4441)
(901,4440)
(904,4437)
(905,4435)
(907,4435)
(909,4438)
(909,4437)
(916,4434)
(918,4434)
(922,4433)
(922,4429)
(924,4427)
(924,4435)
(922,4438)
(924,4437)
(925,4435)
(927,4427)
(930,4429)
(930,4432)
(932,4432)
(930,4428)
(930,4426)
(936,4424)
(939,4427)
(939,4430)
(939,4427)
(937,4423)
(942,4421)
(943,4422)
(943,4420)
(944,4419)
(947,4419)
(953,4416)
(959,4409)
(960,4409)
(961,4411)
(961,4409)
(964,4407)
(965,4408)
(969,4408)
(971,4409)
(970,4407)
(967,4407)
(971,4406)
(973,4406)
(973,4405)
(981,4403)
(982,4401)
(984,4403)
(985,4401)
(991,4398)
(993,4398)
(993,4399)
(991,4400)
(991,4403)
(992,4401)
(993,4402)
(994,4400)
(996,4399)
(996,4400)
(997,4401)
(996,4403)
(998,4402)
(997,4399)
(999,4399)
(1001,4400)
(1003,4398)
(1005,4397)
(1008,4399)
(1009,4397)
(1012,4396)
(1014,4397)
(1014,4396)
(1019,4397)
(1020,4395)
(1022,4395)
(1022,4396)
(1025,4396)
(1030,4395)
(1032,4394)
(1033,4394)
(1038,4391)
(1037,4395)
(1042,4392)
(1043,4390)
(1044,4390)
(1046,4391)
(1048,4391)
(1052,4388)
(1054,4388)
(1054,4390)
(1055,4392)
(1056,4388)
(1058,4387)
(1059,4387)
(1061,4386)
(1063,4387)
(1066,4387)
(1074,4383)
(1075,4383)
(1077,4381)
(1078,4381)
(1079,4382)
(1079,4381)
(1081,4380)
(1083,4382)
(1083,4383)
(1082,4380)
(1084,4379)
(1085,4379)
(1087,4378)
(1091,4378)
(1093,4377)
(1094,4375)
(1097,4376)
(1096,4378)
(1094,4378)
(1095,4380)
(1093,4383)
(1091,4383)
(1091,4384)
(1093,4385)
(1096,4384)
(1097,4383)
(1096,4382)
(1097,4379)
(1098,4378)
(1100,4378)
(1100,4377)
(1101,4375)
(1103,4375)
(1105,4374)
(1108,4373)
(1111,4374)
(1112,4376)
(1111,4378)
(1108,4379)
(1107,4380)
(1108,4381)
(1109,4380)
(1113,4378)
(1113,4375)
(1118,4373)
(1120,4371)
(1128,4371)
(1128,4373)
(1127,4374)
(1129,4376)
(1127,4378)
(1125,4378)
(1124,4379)
(1128,4380)
(1129,4381)
(1130,4379)
(1131,4378)
(1132,4379)
(1131,4375)
(1133,4374)
(1135,4374)
(1134,4376)
(1135,4376)
(1137,4376)
(1136,4378)
(1137,4379)
(1138,4377)
(1140,4383)
(1141,4383)
(1140,4379)
(1144,4380)
(1145,4378)
(1150,4378)
(1147,4376)
(1144,4376)
(1143,4377)
(1141,4375)
(1139,4373)
(1141,4373)
(1137,4370)
(1134,4369)
(1134,4368)
(1137,4369)
(1137,4368)
(1137,4366)
(1140,4368)
(1142,4368)
(1143,4370)
(1144,4369)
(1150,4369)
(1149,4367)
(1150,4367)
(1155,4370)
(1155,4369)
(1152,4367)
(1153,4366)
(1159,4367)
(1158,4368)
(1159,4371)
(1157,4374)
(1157,4378)
(1153,4381)
(1152,4382)
(1153,4383)
(1154,4381)
(1155,4382)
(1157,4380)
(1159,4378)
(1158,4375)
(1160,4373)
(1160,4370)
(1160,4368)
(1162,4365)
(1168,4364)
(1172,4373)
(1172,4370)
(1171,4368)
(1174,4366)
(1175,4364)
(1172,4364)
(1171,4365)
(1171,4364)
(1176,4362)
(1177,4363)
(1183,4361)
(1182,4362)
(1182,4364)
(1185,4363)
(1185,4364)
(1187,4364)
(1185,4361)
(1188,4361)
(1190,4359)
(1193,4360)
(1196,4360)
(1199,4362)
(1204,4362)
(1206,4363)
(1213,4365)
(1213,4364)
(1218,4365)
(1221,4367)
(1222,4369)
(1227,4370)
(1230,4373)
(1237,4373)
(1238,4374)
(1243,4375)
(1244,4374)
(1246,4377)
(1247,4375)
(1249,4375)
(1247,4374)
(1250,4373)
(1252,4374)
(1250,4370)
(1251,4371)
(1253,4371)
(1254,4372)
(1256,4370)
(1257,4373)
(1258,4374)
(1259,4373)
(1258,4370)
(1260,4369)
(1260,4367)
(1262,4366)
(1262,4371)
(1264,4371)
(1264,4370)
(1266,4370)
(1268,4368)
(1267,4367)
(1267,4364)
(1265,4364)
(1264,4362)
(1267,4362)
(1269,4364)
(1270,4363)
(1269,4360)
(1266,4360)
(1265,4358)
(1266,4357)
(1268,4357)
(1272,4364)
(1275,4359)
(1276,4358)
(1275,4357)
(1280,4355)
(1282,4359)
(1282,4354)
(1283,4354)
(1285,4359)
(1287,4362)
(1287,4365)
(1288,4365)
(1288,4363)
(1286,4359)
(1285,4355)
(1289,4358)
(1293,4363)
(1294,4366)
(1298,4369)
(1299,4374)
(1303,4384)
(1304,4387)
(1305,4388)
(1306,4387)
(1301,4376)
(1301,4371)
(1300,4367)
(1301,4365)
(1300,4361)
(1301,4357)
(1300,4352)
(1302,4352)
(1306,4353)
(1311,4354)
(1316,4358)
(1316,4361)
(1319,4363)
(1319,4364)
(1320,4363)
(1318,4361)
(1318,4357)
(1314,4353)
(1315,4352)
(1319,4350)
(1328,4352)
(1332,4355)
(1333,4358)
(1331,4361)
(1331,4363)
(1330,4365)
(1333,4367)
(1334,4369)
(1333,4373)
(1333,4375)
(1336,4375)
(1337,4374)
(1336,4374)
(1336,4369)
(1334,4365)
(1336,4361)
(1336,4357)
(1337,4355)
(1334,4350)
(1334,4348)
(1334,4347)
(1335,4348)
(1336,4347)
(1334,4345)
(1335,4343)
(1338,4343)
(1341,4345)
(1342,4343)
(1337,4340)
(1336,4340)
(1335,4338)
(1336,4336)
(1337,4336)
(1338,4336)
(1337,4329)
(1335,4331)
(1335,4333)
(1337,4334)
(1334,4334)
(1334,4338)
(1329,4340)
(1324,4338)
(1323,4336)
(1321,4336)
(1320,4333)
(1319,4333)
(1320,4331)
(1318,4330)
(1321,4326)
(1319,4328)
(1318,4325)
(1317,4326)
(1317,4322)
(1316,4323)
(1315,4327)
(1316,4329)
(1315,4329)
(1313,4330)
(1311,4330)
(1310,4329)
(1311,4328)
(1313,4326)
(1314,4324)
(1313,4323)
(1312,4325)
(1311,4325)
(1310,4326)
(1310,4325)
(1312,4320)
(1311,4320)
(1307,4320)
(1308,4321)
(1306,4321)
(1307,4324)
(1306,4327)
(1307,4330)
(1306,4331)
(1304,4333)
(1302,4333)
(1301,4336)
(1298,4338)
(1295,4337)
(1288,4335)
(1279,4326)
(1276,4326)
(1275,4325)
(1272,4327)
(1268,4320)
(1268,4315)
(1264,4309)
(1262,4307)
(1261,4302)
(1257,4293)
(1259,4294)
(1256,4289)
(1253,4288)
(1250,4279)
(1246,4268)
(1244,4261)
(1243,4260)
(1242,4258)
(1242,4250)
(1243,4247)
(1243,4244)
(1245,4241)
(1247,4235)
(1251,4228)
(1254,4224)
(1255,4220)
(1264,4209)
(1271,4201)
(1275,4198)
(1279,4194)
(1287,4188)
(1288,4189)
(1290,4185)
(1296,4179)
(1299,4174)
(1304,4169)
(1307,4165)
(1310,4163)
(1312,4163)
(1311,4162)
(1318,4153)
(1332,4140)
(1338,4137)
(1340,4137)
(1344,4139)
(1347,4140)
(1349,4144)
(1349,4145)
(1347,4145)
(1346,4143)
(1345,4143)
(1344,4144)
(1344,4145)
(1344,4149)
(1345,4152)
(1344,4152)
(1342,4151)
(1339,4150)
(1336,4153)
(1336,4154)
(1337,4159)
(1340,4161)
(1339,4164)
(1340,4169)
(1343,4172)
(1346,4170)
(1347,4171)
(1346,4172)
(1347,4173)
(1342,4173)
(1342,4175)
(1341,4177)
(1343,4177)
(1342,4179)
(1344,4180)
(1344,4182)
(1348,4184)
(1345,4188)
(1348,4190)
(1348,4193)
(1350,4195)
(1351,4196)
(1352,4197)
(1353,4201)
(1353,4202)
(1353,4210)
(1362,4216)
(1364,4216)
(1366,4219)
(1369,4219)
(1373,4222)
(1376,4225)
(1378,4226)
(1378,4229)
(1379,4231)
(1383,4232)
(1386,4230)
(1388,4229)
(1385,4224)
(1383,4224)
(1381,4225)
(1376,4223)
(1376,4221)
(1377,4216)
(1380,4214)
(1378,4214)
(1377,4213)
(1377,4210)
(1378,4208)
(1379,4208)
(1377,4207)
(1376,4208)
(1375,4208)
(1373,4198)
(1370,4188)
(1368,4185)
(1366,4185)
(1365,4182)
(1365,4181)
(1365,4175)
(1367,4174)
(1367,4169)
(1370,4160)
(1369,4157)
(1370,4153)
(1372,4149)
(1376,4143)
(1380,4134)
(1389,4120)
(1389,4119)
(1391,4119)
(1391,4117)
(1394,4116)
(1394,4117)
(1396,4117)
(1395,4116)
(1395,4114)
(1396,4112)
(1399,4114)
(1399,4116)
(1400,4116)
(1400,4114)
(1401,4114)
(1402,4111)
(1405,4111)
(1405,4113)
(1405,4110)
(1404,4110)
(1404,4109)
(1405,4108)
(1406,4108)
(1406,4106)
(1407,4106)
(1409,4107)
(1411,4109)
(1413,4106)
(1410,4107)
(1410,4106)
(1409,4105)
(1411,4104)
(1417,4105)
(1418,4106)
(1417,4109)
(1418,4110)
(1418,4108)
(1419,4108)
(1421,4112)
(1423,4114)
(1425,4118)
(1429,4120)
(1429,4123)
(1432,4129)
(1433,4128)
(1432,4126)
(1431,4124)
(1430,4122)
(1430,4118)
(1426,4115)
(1424,4107)
(1421,4103)
(1418,4102)
(1418,4100)
(1417,4101)
(1416,4100)
(1415,4096)
(1415,4091)
(1416,4088)
(1417,4089)
(1418,4090)
(1420,4092)
(1419,4094)
(1420,4097)
(1421,4097)
(1420,4095)
(1421,4093)
(1423,4092)
(1426,4092)