727
(1380,900)
(1378,896)
(1376,893)
(1375,889)
(1373,885)
(1371,882)
(1369,878)
(1367,874)
(1365,871)
(1363,867)
(1361,863)
(1360,859)
(1358,856)
(1357,854)
(1359,852)
(1361,849)
(1363,846)
(1365,844)
(1367,841)
(1369,839)
(1372,836)
(1374,834)
(1376,831)
(1378,829)
(1380,826)
(1382,823)
(1384,821)
(1386,818)
(1388,816)
(1390,813)
(1391,810)
(1392,806)
(1393,802)
(1394,799)
(1395,795)
(1396,792)
(1396,788)
(1397,785)
(1398,781)
(1399,778)
(1400,774)
(1400,771)
(1401,767)
(1402,763)
(1403,760)
(1403,756)
(1404,753)
(1405,749)
(1406,746)
(1406,742)
(1407,739)
(1408,735)
(1409,731)
(1409,728)
(1410,724)
(1411,719)
(1416,716)
(1420,715)
(1423,713)
(1426,711)
(1430,709)
(1433,707)
(1436,705)
(1440,704)
(1443,702)
(1447,700)
(1450,698)
(1453,696)
(1458,694)
(1459,692)
(1460,688)
(1461,685)
(1462,681)
(1463,677)
(1464,674)
(1465,670)
(1466,667)
(1467,663)
(1468,660)
(1474,643)
(1469,629)
(1469,625)
(1476,615)
(1485,613)
(1490,603)
(1494,603)
(1498,603)
(1501,603)
(1504,603)
(1508,603)
(1511,603)
(1514,602)
(1519,602)
(1521,601)
(1524,599)
(1526,597)
(1529,595)
(1531,593)
(1534,591)
(1536,589)
(1539,588)
(1541,585)
(1544,584)
(1546,582)
(1549,580)
(1551,578)
(1554,576)
(1556,574)
(1559,572)
(1561,570)
(1564,568)
(1566,566)
(1569,564)
(1572,564)
(1573,565)
(1577,567)
(1578,570)
(1581,570)
(1591,592)
(1600,595)
(1602,594)
(1612,596)
(1614,591)
(1623,589)
(1636,585)
(1639,584)
(1642,586)
(1646,587)
(1650,590)
(1654,589)
(1656,593)
(1671,598)
(1677,595)
(1680,594)
(1684,592)
(1687,591)
(1690,589)
(1695,587)
(1697,588)
(1700,588)
(1704,589)
(1707,589)
(1710,590)
(1713,590)
(1717,591)
(1720,591)
(1723,592)
(1728,592)
(1737,592)
(1749,590)
(1767,585)
(1778,580)
(1787,575)
(1798,567)
(1807,558)
(1814,572)
(1819,584)
(1821,586)
(1821,593)
(1835,605)
(1839,607)
(1844,613)
(1855,617)
(1860,615)
(1864,616)
(1885,607)
(1891,608)
(1896,613)
(1902,617)
(1904,620)
(1904,629)
(1905,631)
(1912,637)
(1918,637)
(1919,639)
(1918,642)
(1918,643)
(1920,645)
(1921,648)
(1928,653)
(1942,687)
(1947,694)
(1949,695)
(1951,694)
(1953,693)
(1957,689)
(1959,688)
(1970,689)
(1974,688)
(1990,692)
(1990,694)
(1987,696)
(1986,699)
(1985,708)
(1987,705)
(1987,702)
(1988,702)
(1984,713)
(1975,728)
(1970,740)
(1968,754)
(1968,769)
(1971,780)
(1973,787)
(1975,790)
(1975,796)
(1974,801)
(1968,816)
(1968,827)
(1966,835)
(1964,841)
(1962,851)
(1960,855)
(1958,859)
(1952,867)
(1951,870)
(1949,878)
(1947,884)
(1946,895)
(1944,911)
(1940,916)
(1933,919)
(1930,922)
(1925,921)
(1918,921)
(1899,930)
(1890,937)
(1886,941)
(1879,955)
(1876,965)
(1874,975)
(1873,1005)
(1871,1016)
(1867,1028)
(1865,1042)
(1861,1048)
(1860,1056)
(1856,1066)
(1855,1071)
(1851,1075)
(1850,1081)
(1847,1092)
(1840,1098)
(1830,1113)
(1825,1119)
(1823,1127)
(1821,1128)
(1817,1135)
(1816,1140)
(1816,1150)
(1817,1160)
(1824,1173)
(1825,1177)
(1831,1186)
(1849,1202)
(1859,1208)
(1865,1209)
(1873,1209)
(1879,1206)
(1882,1202)
(1891,1198)
(1904,1195)
(1918,1197)
(1930,1204)
(1944,1219)
(1946,1223)
(1954,1234)
(1959,1249)
(1964,1257)
(1966,1264)
(1966,1277)
(1967,1283)
(1969,1289)
(1976,1297)
(1977,1303)
(1975,1307)
(1974,1313)
(1975,1325)
(1976,1327)
(1977,1329)
(1973,1333)
(1973,1341)
(1967,1352)
(1967,1355)
(1965,1359)
(1964,1368)
(1961,1375)
(1960,1380)
(1958,1387)
(1957,1387)
(1955,1386)
(1951,1386)
(1948,1389)
(1946,1388)
(1944,1388)
(1946,1386)
(1940,1385)
(1937,1392)
(1933,1395)
(1932,1397)
(1929,1399)
(1933,1398)
(1933,1402)
(1931,1405)
(1930,1424)
(1926,1439)
(1925,1440)
(1924,1438)
(1923,1439)
(1923,1441)
(1921,1444)
(1920,1446)
(1920,1458)
(1919,1473)
(1920,1477)
(1922,1479)
(1922,1484)
(1919,1492)
(1918,1499)
(1915,1502)
(1910,1502)
(1904,1507)
(1899,1509)
(1897,1506)
(1894,1504)
(1891,1503)
(1889,1501)
(1887,1498)
(1885,1495)
(1882,1492)
(1879,1492)
(1876,1492)
(1873,1493)
(1870,1492)
(1867,1493)
(1864,1494)
(1861,1495)
(1858,1496)
(1855,1497)
(1852,1499)
(1849,1500)
(1846,1501)
(1843,1499)
(1840,1499)
(1837,1498)
(1834,1496)
(1831,1496)
(1828,1494)
(1825,1492)
(1823,1490)
(1820,1487)
(1818,1486)
(1815,1484)
(1812,1483)
(1808,1483)
(1806,1485)
(1803,1486)
(1800,1487)
(1797,1489)
(1794,1490)
(1790,1490)
(1787,1489)
(1784,1490)
(1782,1492)
(1779,1493)
(1776,1493)
(1772,1493)
(1769,1493)
(1765,1495)
(1762,1497)
(1758,1498)
(1755,1500)
(1752,1500)
(1748,1500)
(1745,1500)
(1742,1500)
(1738,1500)
(1735,1500)
(1732,1500)
(1728,1500)
(1725,1500)
(1722,1500)
(1718,1500)
(1715,1500)
(1712,1500)
(1708,1500)
(1705,1500)
(1702,1500)
(1698,1500)
(1695,1500)
(1692,1500)
(1688,1500)
(1685,1500)
(1681,1500)
(1678,1500)
(1675,1500)
(1671,1500)
(1668,1500)
(1665,1500)
(1661,1500)
(1658,1500)
(1655,1500)
(1651,1500)
(1648,1500)
(1645,1500)
(1641,1500)
(1638,1500)
(1635,1500)
(1631,1500)
(1628,1500)
(1625,1500)
(1621,1500)
(1618,1500)
(1615,1500)
(1612,1500)
(1608,1500)
(1605,1500)
(1602,1500)
(1598,1500)
(1595,1500)
(1592,1500)
(1588,1500)
(1585,1500)
(1582,1500)
(1578,1500)
(1575,1500)
(1572,1500)
(1568,1500)
(1565,1500)
(1562,1500)
(1558,1500)
(1555,1500)
(1552,1500)
(1548,1500)
(1545,1500)
(1542,1500)
(1538,1500)
(1535,1500)
(1532,1500)
(1528,1500)
(1525,1500)
(1522,1500)
(1518,1500)
(1515,1500)
(1512,1500)
(1508,1500)
(1505,1500)
(1502,1500)
(1498,1500)
(1495,1500)
(1491,1500)
(1488,1500)
(1485,1500)
(1481,1500)
(1478,1500)
(1475,1500)
(1471,1500)
(1468,1500)
(1465,1500)
(1461,1500)
(1458,1500)
(1455,1500)
(1451,1500)
(1448,1500)
(1445,1500)
(1441,1500)
(1438,1500)
(1435,1500)
(1431,1500)
(1428,1500)
(1425,1500)
(1421,1500)
(1418,1500)
(1415,1500)
(1411,1500)
(1408,1500)
(1405,1500)
(1402,1500)
(1398,1500)
(1395,1500)
(1392,1500)
(1388,1500)
(1385,1500)
(1382,1500)
(1378,1500)
(1375,1500)
(1372,1500)
(1368,1500)
(1365,1500)
(1362,1500)
(1359,1500)
(1355,1500)
(1352,1500)
(1349,1500)
(1345,1500)
(1342,1500)
(1339,1500)
(1335,1500)
(1332,1500)
(1329,1500)
(1325,1500)
(1322,1500)
(1320,1500)
(1317,1500)
(1313,1500)
(1310,1500)
(1307,1500)
(1303,1500)
(1300,1500)
(1297,1500)
(1293,1500)
(1290,1500)
(1287,1500)
(1283,1500)
(1280,1500)
(1277,1500)
(1273,1500)
(1270,1500)
(1267,1500)
(1264,1500)
(1260,1500)
(1257,1500)
(1254,1500)
(1250,1500)
(1247,1500)
(1244,1500)
(1240,1500)
(1237,1500)
(1234,1500)
(1230,1500)
(1227,1500)
(1224,1500)
(1220,1500)
(1217,1500)
(1214,1500)
(1211,1500)
(1207,1500)
(1204,1500)
(1200,1500)
(1200,1497)
(1200,1493)
(1200,1490)
(1200,1486)
(1200,1483)
(1200,1479)
(1200,1476)
(1200,1472)
(1200,1469)
(1200,1465)
(1200,1462)
(1200,1458)
(1200,1455)
(1200,1452)
(1200,1448)
(1200,1445)
(1200,1441)
(1200,1440)
(1197,1440)
(1194,1440)
(1190,1440)
(1187,1440)
(1184,1440)
(1180,1440)
(1177,1440)
(1174,1440)
(1170,1440)
(1170,1440)
(1172,1437)
(1174,1434)
(1175,1430)
(1177,1427)
(1179,1424)
(1181,1421)
(1182,1417)
(1184,1414)
(1186,1411)
(1188,1408)
(1189,1404)
(1191,1401)
(1193,1398)
(1195,1394)
(1196,1391)
(1198,1388)
(1200,1385)
(1202,1381)
(1203,1378)
(1205,1375)
(1207,1371)
(1209,1368)
(1210,1365)
(1212,1362)
(1214,1358)
(1216,1355)
(1217,1352)
(1219,1348)
(1221,1345)
(1222,1342)
(1224,1339)
(1226,1335)
(1228,1332)
(1229,1329)
(1231,1325)
(1233,1322)
(1235,1319)
(1236,1315)
(1238,1312)
(1240,1309)
(1241,1305)
(1243,1302)
(1245,1299)
(1247,1296)
(1248,1292)
(1250,1289)
(1252,1286)
(1253,1282)
(1255,1279)
(1257,1276)
(1259,1272)
(1260,1269)
(1262,1266)
(1264,1262)
(1265,1259)
(1267,1256)
(1269,1252)
(1270,1249)
(1272,1246)
(1274,1242)
(1275,1239)
(1277,1236)
(1279,1232)
(1281,1229)
(1282,1226)
(1284,1222)
(1286,1219)
(1287,1216)
(1289,1212)
(1291,1209)
(1292,1206)
(1294,1202)
(1296,1199)
(1297,1195)
(1299,1192)
(1301,1189)
(1302,1185)
(1304,1182)
(1306,1179)
(1308,1175)
(1309,1172)
(1311,1168)
(1313,1165)
(1314,1162)
(1316,1158)
(1318,1155)
(1319,1152)
(1321,1148)
(1323,1145)
(1324,1141)
(1325,1140)
(1327,1137)
(1328,1133)
(1330,1130)
(1332,1126)
(1333,1123)
(1335,1120)
(1337,1116)
(1338,1113)
(1340,1109)
(1341,1106)
(1343,1102)
(1345,1099)
(1346,1096)
(1348,1092)
(1350,1089)
(1351,1085)
(1353,1082)
(1355,1079)
(1356,1075)
(1358,1072)
(1359,1068)
(1361,1065)
(1363,1061)
(1364,1058)
(1366,1055)
(1368,1051)
(1369,1048)
(1371,1044)
(1372,1041)
(1374,1037)
(1376,1034)
(1377,1030)
(1379,1027)
(1380,1024)
(1382,1020)
(1384,1017)
(1385,1013)
(1387,1010)
(1388,1006)
(1390,1003)
(1392,999)
(1393,996)
(1395,992)
(1396,989)
(1398,986)
(1400,982)
(1401,979)
(1403,975)
(1404,972)
(1406,968)
(1408,965)
(1409,961)
(1410,960)
(1408,956)
(1406,952)
(1404,949)
(1402,945)
(1401,941)
(1399,937)
(1397,934)
(1395,930)
(1393,926)
(1391,922)
(1390,919)
(1388,915)
(1386,911)
(1384,908)
(1382,904)
(1380,900)