682
(2564,5783)
(2572,5782)
(2589,5759)
(2594,5754)
(2598,5754)
(2604,5751)
(2621,5740)
(2639,5731)
(2641,5720)
(2642,5719)
(2651,5720)
(2655,5724)
(2656,5724)
(2655,5702)
(2660,5692)
(2660,5683)
(2661,5680)
(2667,5675)
(2671,5668)
(2671,5662)
(2681,5648)
(2680,5640)
(2681,5636)
(2691,5625)
(2695,5617)
(2696,5610)
(2699,5602)
(2699,5596)
(2700,5591)
(2701,5588)
(2700,5574)
(2700,5537)
(2703,5519)
(2703,5506)
(2705,5500)
(2706,5489)
(2712,5470)
(2712,5454)
(2719,5442)
(2729,5440)
(2736,5440)
(2746,5446)
(2752,5451)
(2758,5459)
(2761,5461)
(2767,5460)
(2778,5454)
(2783,5454)
(2788,5457)
(2790,5461)
(2800,5463)
(2804,5462)
(2805,5459)
(2805,5460)
(2809,5455)
(2811,5457)
(2813,5454)
(2817,5454)
(2819,5450)
(2820,5444)
(2824,5442)
(2825,5440)
(2833,5433)
(2836,5432)
(2839,5430)
(2843,5431)
(2844,5428)
(2850,5427)
(2857,5421)
(2859,5421)
(2861,5418)
(2864,5407)
(2870,5404)
(2872,5399)
(2871,5397)
(2869,5397)
(2868,5393)
(2869,5386)
(2872,5384)
(2874,5379)
(2878,5375)
(2881,5376)
(2882,5362)
(2881,5357)
(2879,5358)
(2876,5350)
(2875,5334)
(2884,5331)
(2889,5325)
(2891,5321)
(2894,5319)
(2894,5316)
(2898,5319)
(2901,5314)
(2903,5312)
(2902,5307)
(2905,5302)
(2907,5302)
(2908,5300)
(2907,5292)
(2910,5285)
(2910,5278)
(2914,5279)
(2917,5281)
(2919,5285)
(2921,5285)
(2923,5279)
(2925,5279)
(2925,5277)
(2928,5270)
(2931,5269)
(2932,5264)
(2934,5262)
(2935,5263)
(2936,5268)
(2941,5272)
(2947,5272)
(2950,5270)
(2951,5279)
(2954,5283)
(2956,5290)
(2958,5290)
(2962,5288)
(2968,5293)
(2969,5301)
(2969,5314)
(2970,5319)
(2967,5324)
(2966,5331)
(2967,5334)
(2968,5334)
(2968,5333)
(2972,5333)
(2973,5335)
(2972,5337)
(2968,5339)
(2968,5341)
(2970,5351)
(2972,5354)
(2974,5354)
(2977,5352)
(2978,5354)
(2978,5356)
(2975,5363)
(2979,5368)
(2981,5378)
(2983,5384)
(2985,5384)
(2988,5379)
(2989,5380)
(2991,5378)
(2994,5378)
(2995,5380)
(2997,5387)
(2997,5394)
(2998,5399)
(3000,5401)
(3003,5401)
(3005,5403)
(3007,5415)
(3011,5421)
(3011,5427)
(3013,5431)
(3013,5439)
(3013,5442)
(3015,5444)
(3018,5445)
(3020,5452)
(3026,5462)
(3026,5470)
(3029,5478)
(3028,5486)
(3029,5487)
(3032,5488)
(3034,5496)
(3039,5500)
(3042,5507)
(3043,5515)
(3041,5527)
(3042,5533)
(3045,5538)
(3051,5540)
(3052,5543)
(3052,5545)
(3047,5548)
(3045,5554)
(3041,5560)
(3041,5562)
(3043,5566)
(3048,5568)
(3047,5579)
(3045,5580)
(3039,5578)
(3038,5581)
(3037,5581)
(3036,5586)
(3037,5593)
(3036,5601)
(3037,5606)
(3035,5613)
(3034,5657)
(3033,5658)
(3030,5658)
(3025,5661)
(3018,5662)
(3013,5663)
(3011,5665)
(3010,5671)
(3007,5672)
(3004,5676)
(3001,5678)
(3004,5690)
(3003,5699)
(3001,5701)
(2997,5705)
(2997,5725)
(2994,5732)
(2996,5736)
(2997,5745)
(3001,5750)
(3001,5754)
(2997,5758)
(3000,5764)
(2997,5778)
(2994,5783)
(2996,5790)
(2996,5793)
(2992,5796)
(2992,5797)
(2995,5803)
(2994,5820)
(2989,5825)
(2988,5829)
(2986,5830)
(2984,5837)
(2984,5840)
(2987,5849)
(2991,5855)
(2993,5856)
(2995,5855)
(2996,5856)
(2998,5867)
(2996,5872)
(2999,5877)
(3003,5886)
(3018,5897)
(3024,5897)
(3028,5900)
(3031,5899)
(3034,5896)
(3034,5890)
(3038,5884)
(3047,5878)
(3051,5881)
(3052,5878)
(3054,5877)
(3056,5873)
(3060,5870)
(3064,5873)
(3070,5875)
(3073,5878)
(3079,5876)
(3087,5883)
(3088,5887)
(3087,5892)
(3087,5894)
(3091,5896)
(3095,5895)
(3103,5900)
(3107,5917)
(3110,5922)
(3122,5932)
(3127,5933)
(3129,5936)
(3127,5940)
(3124,5942)
(3120,5955)
(3117,5959)
(3114,5974)
(3113,5984)
(3107,5993)
(3105,5997)
(3104,6015)
(3104,6033)
(3103,6036)
(3102,6042)
(3094,6066)
(3092,6069)
(3091,6076)
(3087,6083)
(3089,6095)
(3087,6100)
(3087,6106)
(3086,6109)
(3085,6116)
(3084,6120)
(3083,6125)
(3080,6133)
(3078,6134)
(3075,6129)
(3072,6131)
(3067,6130)
(3059,6135)
(3057,6134)
(3054,6136)
(3051,6134)
(3050,6134)
(3047,6136)
(3045,6140)
(3043,6141)
(3039,6138)
(3034,6140)
(3033,6142)
(3032,6149)
(3031,6152)
(3025,6157)
(3023,6167)
(3019,6175)
(3018,6180)
(3019,6191)
(3018,6195)
(3013,6197)
(3012,6199)
(3012,6208)
(3008,6220)
(3009,6224)
(3012,6229)
(3008,6244)
(3010,6255)
(3012,6256)
(3014,6258)
(3015,6261)
(3018,6265)
(3018,6278)
(3021,6283)
(3021,6290)
(3022,6294)
(3024,6301)
(3024,6307)
(3025,6311)
(3028,6317)
(3029,6321)
(3026,6338)
(3026,6348)
(3026,6351)
(3025,6359)
(3023,6364)
(3021,6364)
(3020,6370)
(3018,6375)
(3021,6393)
(3020,6404)
(3012,6420)
(3009,6422)
(3005,6425)
(3003,6429)
(3002,6431)
(3000,6436)
(3001,6439)
(2999,6445)
(2999,6465)
(2997,6469)
(2998,6471)
(2997,6474)
(2997,6479)
(2991,6477)
(2985,6479)
(2981,6477)
(2980,6478)
(2980,6482)
(2977,6482)
(2975,6484)
(2973,6489)
(2972,6496)
(2966,6502)
(2960,6513)
(2961,6533)
(2961,6537)
(2960,6544)
(2962,6552)
(2960,6561)
(2958,6566)
(2957,6569)
(2955,6570)
(2954,6573)
(2954,6585)
(2951,6591)
(2952,6594)
(2951,6605)
(2950,6612)
(2951,6618)
(2955,6624)
(2952,6628)
(2949,6642)
(2949,6647)
(2951,6657)
(2958,6671)
(2960,6678)
(2962,6682)
(2961,6689)
(2961,6692)
(2964,6701)
(2964,6710)
(2964,6718)
(2966,6728)
(2972,6749)
(2972,6758)
(2970,6762)
(2970,6766)
(2972,6774)
(2975,6779)
(2976,6785)
(2980,6786)
(2988,6792)
(2996,6807)
(2998,6809)
(3001,6814)
(3005,6827)
(3005,6832)
(3010,6840)
(3011,6844)
(3015,6851)
(3017,6859)
(3015,6867)
(3015,6873)
(3016,6880)
(3015,6887)
(3014,6891)
(3009,6901)
(3000,6912)
(2994,6924)
(2994,6938)
(2993,6944)
(2994,6948)
(3000,6964)
(3002,6973)
(2998,6986)
(2996,6997)
(2990,7003)
(2988,7001)
(2985,6999)
(2982,6997)
(2979,6995)
(2976,6994)
(2974,6992)
(2971,6990)
(2968,6988)
(2965,6986)
(2963,6984)
(2960,6982)
(2957,6980)
(2954,6978)
(2951,6976)
(2949,6975)
(2946,6973)
(2943,6971)
(2940,6969)
(2937,6967)
(2935,6965)
(2932,6963)
(2928,6967)
(2911,6949)
(2896,6950)
(2891,6929)
(2873,6935)
(2860,6958)
(2867,6964)
(2872,6975)
(2870,6986)
(2873,7008)
(2872,7015)
(2868,7028)
(2858,7043)
(2877,7061)
(2880,7067)
(2882,7070)
(2881,7074)
(2880,7078)
(2880,7082)
(2882,7090)
(2882,7093)
(2880,7097)
(2881,7101)
(2880,7106)
(2877,7112)
(2868,7127)
(2862,7148)
(2860,7147)
(2852,7148)
(2849,7160)
(2846,7159)
(2845,7161)
(2838,7171)
(2837,7174)
(2827,7186)
(2822,7188)
(2819,7191)
(2816,7191)
(2813,7194)
(2806,7193)
(2800,7194)
(2798,7192)
(2800,7190)
(2800,7184)
(2796,7181)
(2795,7178)
(2797,7175)
(2798,7167)
(2796,7159)
(2800,7155)
(2799,7145)
(2805,7139)
(2804,7134)
(2806,7133)
(2806,7131)
(2804,7127)
(2802,7126)
(2802,7122)
(2804,7118)
(2803,7108)
(2805,7100)
(2802,7091)
(2801,7087)
(2799,7083)
(2797,7074)
(2795,7071)
(2792,7069)
(2791,7061)
(2795,7057)
(2796,7057)
(2795,7045)
(2791,7046)
(2788,7042)
(2783,7041)
(2782,7026)
(2784,7010)
(2781,7009)
(2781,7007)
(2779,7004)
(2777,6996)
(2775,6995)
(2768,6984)
(2759,6977)
(2754,6974)
(2748,6977)
(2743,6972)
(2741,6968)
(2741,6963)
(2733,6949)
(2727,6942)
(2724,6923)
(2724,6911)
(2723,6896)
(2726,6886)
(2724,6875)
(2713,6868)
(2705,6855)
(2702,6850)
(2696,6844)
(2696,6835)
(2692,6831)
(2692,6827)
(2685,6816)
(2688,6809)
(2687,6794)
(2690,6780)
(2691,6776)
(2690,6770)
(2696,6755)
(2699,6752)
(2705,6746)
(2705,6730)
(2706,6720)
(2700,6707)
(2681,6694)
(2674,6693)
(2666,6686)
(2661,6685)
(2659,6686)
(2658,6689)
(2651,6693)
(2644,6700)
(2639,6708)
(2634,6714)
(2627,6719)
(2622,6718)
(2620,6715)
(2620,6707)
(2610,6694)
(2610,6686)
(2607,6680)
(2605,6674)
(2599,6660)
(2587,6646)
(2585,6642)
(2581,6641)
(2574,6634)
(2572,6630)
(2566,6624)
(2560,6608)
(2559,6608)
(2559,6597)
(2553,6581)
(2549,6574)
(2549,6572)
(2547,6571)
(2547,6561)
(2546,6559)
(2547,6539)
(2544,6531)
(2546,6515)
(2546,6500)
(2548,6495)
(2544,6474)
(2545,6458)
(2545,6455)
(2547,6449)
(2544,6438)
(2541,6437)
(2537,6410)
(2531,6386)
(2525,6371)
(2520,6352)
(2513,6335)
(2506,6320)
(2504,6314)
(2504,6312)
(2492,6296)
(2497,6272)
(2511,6273)
(2511,6269)
(2509,6259)
(2508,6248)
(2508,6229)
(2514,6197)
(2520,6181)
(2526,6152)
(2527,6142)
(2529,6131)
(2532,6124)
(2548,6110)
(2551,6107)
(2551,6102)
(2552,6098)
(2552,6094)
(2553,6090)
(2554,6086)
(2555,6081)
(2555,6077)
(2556,6073)
(2557,6069)
(2558,6065)
(2559,6061)
(2559,6057)
(2560,6053)
(2561,6048)
(2561,6044)
(2561,6039)
(2561,6035)
(2561,6031)
(2561,6027)
(2561,6022)
(2561,6018)
(2558,6015)
(2559,6011)
(2559,6006)
(2559,6002)
(2555,5995)
(2553,5979)
(2553,5968)
(2551,5960)
(2552,5945)
(2553,5927)
(2556,5904)
(2557,5880)
(2560,5854)
(2557,5847)
(2557,5838)
(2560,5827)
(2562,5812)
(2563,5783)
(2564,5783)