783
(-156,8460)
(-155,8462)
(-157,8470)
(-157,8473)
(-159,8476)
(-160,8477)
(-160,8479)
(-162,8479)
(-162,8481)
(-164,8486)
(-170,8498)
(-174,8510)
(-176,8510)
(-178,8514)
(-177,8520)
(-181,8525)
(-183,8524)
(-184,8524)
(-183,8528)
(-184,8529)
(-186,8532)
(-186,8534)
(-187,8537)
(-187,8540)
(-192,8550)
(-194,8558)
(-196,8563)
(-197,8569)
(-202,8582)
(-201,8586)
(-202,8592)
(-203,8595)
(-204,8604)
(-206,8611)
(-208,8614)
(-213,8617)
(-215,8621)
(-213,8623)
(-216,8624)
(-217,8628)
(-219,8631)
(-221,8631)
(-224,8637)
(-227,8639)
(-229,8641)
(-228,8649)
(-228,8650)
(-229,8649)
(-229,8648)
(-230,8648)
(-231,8651)
(-230,8652)
(-231,8653)
(-232,8653)
(-232,8655)
(-228,8657)
(-229,8671)
(-233,8673)
(-237,8673)
(-240,8674)
(-241,8676)
(-241,8680)
(-242,8684)
(-246,8692)
(-247,8693)
(-249,8691)
(-251,8693)
(-251,8695)
(-253,8698)
(-253,8699)
(-255,8700)
(-257,8700)
(-257,8701)
(-260,8702)
(-262,8705)
(-264,8712)
(-263,8718)
(-264,8720)
(-266,8723)
(-270,8727)
(-275,8731)
(-275,8733)
(-282,8737)
(-286,8741)
(-290,8748)
(-292,8749)
(-296,8747)
(-301,8747)
(-304,8749)
(-305,8748)
(-306,8748)
(-312,8747)
(-313,8748)
(-318,8744)
(-321,8745)
(-325,8743)
(-329,8746)
(-329,8752)
(-331,8753)
(-329,8756)
(-329,8759)
(-330,8759)
(-332,8769)
(-333,8771)
(-334,8775)
(-335,8777)
(-334,8780)
(-336,8783)
(-336,8788)
(-338,8789)
(-340,8793)
(-345,8799)
(-348,8807)
(-350,8808)
(-351,8809)
(-350,8813)
(-350,8815)
(-354,8818)
(-357,8823)
(-356,8825)
(-358,8826)
(-358,8835)
(-356,8836)
(-357,8839)
(-356,8840)
(-358,8844)
(-359,8849)
(-362,8852)
(-364,8855)
(-371,8861)
(-376,8863)
(-378,8867)
(-380,8870)
(-383,8870)
(-384,8871)
(-388,8872)
(-392,8871)
(-395,8871)
(-396,8870)
(-397,8871)
(-397,8872)
(-400,8872)
(-403,8869)
(-404,8856)
(-405,8854)
(-404,8845)
(-405,8840)
(-404,8835)
(-405,8832)
(-403,8829)
(-403,8825)
(-404,8823)
(-405,8818)
(-410,8817)
(-418,8817)
(-423,8822)
(-421,8824)
(-424,8823)
(-425,8824)
(-429,8824)
(-431,8827)
(-434,8829)
(-438,8828)
(-438,8829)
(-440,8828)
(-440,8829)
(-443,8829)
(-445,8830)
(-446,8832)
(-448,8831)
(-448,8833)
(-450,8833)
(-448,8835)
(-449,8836)
(-450,8836)
(-450,8840)
(-454,8843)
(-454,8845)
(-456,8846)
(-456,8848)
(-458,8850)
(-461,8850)
(-462,8855)
(-463,8856)
(-466,8855)
(-468,8857)
(-469,8856)
(-469,8859)
(-466,8858)
(-468,8860)
(-470,8862)
(-475,8862)
(-476,8864)
(-477,8865)
(-476,8867)
(-477,8869)
(-476,8871)
(-476,8873)
(-480,8878)
(-483,8879)
(-484,8880)
(-483,8888)
(-489,8889)
(-495,8892)
(-503,8892)
(-507,8894)
(-511,8893)
(-514,8894)
(-517,8898)
(-517,8901)
(-519,8904)
(-520,8907)
(-524,8909)
(-534,8909)
(-534,8911)
(-535,8912)
(-536,8911)
(-540,8912)
(-545,8916)
(-546,8923)
(-545,8932)
(-544,8933)
(-543,8933)
(-542,8934)
(-544,8941)
(-543,8942)
(-542,8944)
(-541,8945)
(-539,8948)
(-540,8948)
(-540,8956)
(-541,8956)
(-542,8958)
(-541,8959)
(-544,8959)
(-545,8959)
(-546,8958)
(-546,8959)
(-547,8957)
(-547,8960)
(-549,8960)
(-551,8957)
(-551,8956)
(-553,8955)
(-559,8953)
(-561,8951)
(-563,8951)
(-570,8954)
(-571,8956)
(-571,8961)
(-573,8963)
(-573,8965)
(-575,8965)
(-574,8967)
(-576,8966)
(-576,8967)
(-576,8971)
(-575,8972)
(-576,8974)
(-578,8977)
(-576,8979)
(-576,8985)
(-577,8987)
(-577,8991)
(-579,8993)
(-578,9001)
(-580,9001)
(-581,9003)
(-583,9003)
(-584,9001)
(-585,8999)
(-586,8995)
(-587,8986)
(-590,8983)
(-594,8986)
(-595,8988)
(-598,8990)
(-600,8992)
(-601,8991)
(-601,8994)
(-603,8995)
(-605,8999)
(-604,9001)
(-605,9006)
(-607,9008)
(-606,9011)
(-612,9018)
(-613,9026)
(-612,9028)
(-614,9031)
(-612,9033)
(-613,9036)
(-614,9035)
(-617,9038)
(-616,9043)
(-616,9047)
(-613,9051)
(-614,9053)
(-621,9038)
(-618,9025)
(-619,9022)
(-624,9021)
(-625,9030)
(-629,9037)
(-629,9039)
(-634,9041)
(-635,9041)
(-635,9037)
(-637,9034)
(-637,9029)
(-639,9028)
(-640,9026)
(-641,9025)
(-641,9022)
(-639,9020)
(-642,9015)
(-640,9015)
(-642,9014)
(-642,9013)
(-641,9011)
(-639,9011)
(-639,9008)
(-640,9007)
(-638,9005)
(-639,9005)
(-637,9003)
(-637,9001)
(-636,9002)
(-634,9001)
(-634,9000)
(-636,8999)
(-635,8998)
(-634,8998)
(-634,8997)
(-634,8995)
(-633,8994)
(-634,8994)
(-633,8991)
(-632,8994)
(-631,8994)
(-631,8992)
(-630,8993)
(-630,8998)
(-631,8999)
(-630,9002)
(-628,9003)
(-628,9005)
(-627,9001)
(-626,8997)
(-626,8996)
(-629,8996)
(-629,8995)
(-628,8994)
(-624,8993)
(-621,8985)
(-621,8975)
(-621,8972)
(-622,8972)
(-622,8971)
(-622,8970)
(-620,8970)
(-621,8968)
(-621,8967)
(-620,8967)
(-620,8965)
(-618,8964)
(-617,8962)
(-619,8960)
(-614,8946)
(-616,8940)
(-617,8938)
(-614,8932)
(-614,8924)
(-612,8924)
(-611,8923)
(-610,8926)
(-609,8926)
(-608,8925)
(-610,8924)
(-609,8922)
(-606,8921)
(-608,8921)
(-609,8921)
(-611,8919)
(-611,8913)
(-611,8911)
(-612,8908)
(-612,8904)
(-611,8900)
(-608,8898)
(-608,8896)
(-608,8895)
(-606,8894)
(-606,8892)
(-606,8890)
(-605,8890)
(-606,8889)
(-608,8886)
(-609,8883)
(-608,8881)
(-610,8879)
(-610,8878)
(-610,8877)
(-606,8875)
(-606,8871)
(-605,8873)
(-603,8872)
(-605,8871)
(-603,8868)
(-603,8866)
(-606,8863)
(-601,8862)
(-599,8857)
(-593,8851)
(-586,8849)
(-576,8841)
(-575,8841)
(-574,8839)
(-572,8838)
(-570,8835)
(-571,8834)
(-572,8835)
(-573,8834)
(-571,8830)
(-570,8829)
(-569,8829)
(-566,8827)
(-566,8825)
(-567,8826)
(-569,8826)
(-570,8825)
(-568,8823)
(-564,8820)
(-558,8819)
(-556,8817)
(-557,8815)
(-557,8814)
(-555,8815)
(-554,8814)
(-551,8813)
(-550,8814)
(-548,8813)
(-548,8815)
(-545,8818)
(-543,8819)
(-542,8818)
(-543,8817)
(-545,8817)
(-546,8815)
(-547,8813)
(-543,8806)
(-542,8798)
(-540,8795)
(-537,8794)
(-535,8794)
(-534,8793)
(-532,8793)
(-531,8795)
(-529,8796)
(-530,8795)
(-529,8794)
(-526,8792)
(-526,8791)
(-523,8791)
(-517,8786)
(-515,8783)
(-512,8780)
(-506,8776)
(-502,8776)
(-500,8774)
(-498,8775)
(-497,8774)
(-493,8769)
(-493,8767)
(-490,8766)
(-490,8767)
(-488,8767)
(-487,8765)
(-485,8766)
(-483,8759)
(-483,8753)
(-480,8748)
(-478,8746)
(-478,8747)
(-477,8747)
(-475,8747)
(-476,8746)
(-475,8745)
(-476,8744)
(-477,8744)
(-478,8743)
(-478,8739)
(-476,8737)
(-477,8726)
(-475,8723)
(-472,8719)
(-472,8714)
(-469,8711)
(-469,8710)
(-471,8710)
(-471,8709)
(-469,8706)
(-467,8705)
(-467,8704)
(-469,8704)
(-469,8703)
(-469,8700)
(-467,8697)
(-468,8696)
(-467,8694)
(-467,8693)
(-465,8690)
(-462,8692)
(-455,8691)
(-461,8690)
(-461,8689)
(-461,8687)
(-460,8685)
(-454,8679)
(-459,8679)
(-459,8675)
(-456,8673)
(-451,8672)
(-450,8671)
(-451,8671)
(-454,8671)
(-457,8670)
(-460,8672)
(-460,8671)
(-458,8668)
(-452,8665)
(-451,8664)
(-461,8666)
(-465,8668)
(-467,8671)
(-468,8669)
(-463,8665)
(-465,8664)
(-465,8662)
(-461,8662)
(-457,8659)
(-458,8658)
(-461,8660)
(-462,8660)
(-462,8658)
(-458,8656)
(-460,8654)
(-461,8656)
(-464,8654)
(-464,8656)
(-466,8656)
(-468,8653)
(-466,8651)
(-466,8647)
(-463,8641)
(-462,8635)
(-458,8629)
(-450,8626)
(-450,8623)
(-447,8619)
(-448,8619)
(-450,8621)
(-452,8625)
(-454,8625)
(-463,8630)
(-469,8631)
(-477,8637)
(-479,8637)
(-480,8636)
(-479,8634)
(-476,8632)
(-476,8629)
(-478,8630)
(-478,8633)
(-480,8634)
(-482,8634)
(-483,8631)
(-482,8625)
(-481,8623)
(-479,8618)
(-480,8614)
(-480,8610)
(-479,8608)
(-475,8606)
(-475,8602)
(-476,8606)
(-480,8608)
(-482,8613)
(-488,8615)
(-492,8618)
(-495,8617)
(-495,8600)
(-497,8597)
(-497,8593)
(-499,8584)
(-501,8579)
(-497,8570)
(-496,8562)
(-498,8555)
(-500,8550)
(-500,8546)
(-498,8544)
(-492,8543)
(-490,8540)
(-490,8533)
(-494,8528)
(-494,8529)
(-492,8534)
(-491,8539)
(-492,8541)
(-494,8542)
(-499,8543)
(-502,8547)
(-502,8551)
(-499,8558)
(-500,8566)
(-502,8570)
(-505,8574)
(-508,8587)
(-515,8595)
(-526,8604)
(-538,8604)
(-541,8602)
(-542,8600)
(-541,8597)
(-542,8594)
(-545,8588)
(-545,8583)
(-551,8576)
(-560,8558)
(-560,8554)
(-556,8550)
(-554,8546)
(-552,8538)
(-550,8533)
(-552,8525)
(-551,8519)
(-553,8514)
(-552,8506)
(-554,8497)
(-553,8495)
(-553,8491)
(-550,8487)
(-549,8483)
(-549,8478)
(-553,8473)
(-554,8470)
(-554,8467)
(-548,8460)
(-547,8460)
(-544,8460)
(-541,8460)
(-537,8460)
(-534,8460)
(-531,8460)
(-528,8460)
(-524,8460)
(-521,8460)
(-518,8460)
(-515,8460)
(-511,8460)
(-508,8460)
(-505,8460)
(-502,8460)
(-498,8460)
(-495,8460)
(-492,8460)
(-489,8460)
(-485,8460)
(-482,8460)
(-479,8460)
(-476,8460)
(-472,8460)
(-469,8460)
(-466,8460)
(-463,8460)
(-459,8460)
(-456,8460)
(-453,8460)
(-450,8460)
(-446,8460)
(-443,8460)
(-440,8460)
(-436,8460)
(-433,8460)
(-430,8460)
(-427,8460)
(-423,8460)
(-420,8460)
(-417,8460)
(-414,8460)
(-414,8457)
(-412,8456)
(-411,8454)
(-409,8454)
(-407,8452)
(-405,8453)
(-403,8451)
(-399,8452)
(-397,8451)
(-396,8454)
(-394,8454)
(-393,8455)
(-391,8455)
(-390,8457)
(-388,8457)
(-386,8455)
(-386,8457)
(-385,8457)
(-384,8458)
(-383,8457)
(-382,8458)
(-380,8458)
(-380,8460)
(-379,8460)
(-376,8460)
(-373,8460)
(-370,8460)
(-366,8460)
(-363,8460)
(-360,8460)
(-356,8460)
(-353,8460)
(-350,8460)
(-347,8460)
(-343,8460)
(-340,8460)
(-337,8460)
(-334,8460)
(-330,8460)
(-327,8460)
(-324,8460)
(-320,8460)
(-317,8460)
(-314,8460)
(-311,8460)
(-307,8460)
(-304,8460)
(-301,8460)
(-298,8460)
(-294,8460)
(-291,8460)
(-288,8460)
(-284,8460)
(-281,8460)
(-278,8460)
(-275,8460)
(-271,8460)
(-268,8460)
(-265,8460)
(-261,8460)
(-258,8460)
(-255,8460)
(-252,8460)
(-248,8460)
(-245,8460)
(-242,8460)
(-239,8460)
(-235,8460)
(-232,8460)
(-229,8460)
(-225,8460)
(-222,8460)
(-219,8460)
(-216,8460)
(-212,8460)
(-209,8460)
(-206,8460)
(-202,8460)
(-199,8460)
(-196,8460)
(-193,8460)
(-189,8460)
(-186,8460)
(-183,8460)
(-179,8460)
(-176,8460)
(-173,8460)
(-170,8460)
(-166,8460)
(-163,8460)
(-160,8460)
(-156,8460)