1120
(2156,2155)
(2160,2159)
(2166,2157)
(2175,2150)
(2177,2147)
(2179,2147)
(2181,2149)
(2182,2152)
(2187,2155)
(2189,2160)
(2192,2162)
(2192,2165)
(2195,2169)
(2196,2171)
(2199,2173)
(2202,2172)
(2206,2172)
(2207,2172)
(2212,2167)
(2215,2164)
(2216,2161)
(2213,2157)
(2207,2149)
(2205,2139)
(2203,2137)
(2204,2137)
(2203,2135)
(2201,2135)
(2202,2136)
(2201,2137)
(2203,2137)
(2202,2138)
(2204,2138)
(2203,2140)
(2203,2143)
(2202,2139)
(2199,2136)
(2199,2137)
(2202,2142)
(2200,2139)
(2196,2137)
(2195,2134)
(2197,2130)
(2196,2129)
(2195,2132)
(2195,2126)
(2192,2120)
(2194,2118)
(2203,2099)
(2203,2094)
(2204,2094)
(2206,2093)
(2208,2090)
(2209,2084)
(2208,2080)
(2207,2078)
(2206,2074)
(2199,2065)
(2198,2061)
(2194,2056)
(2188,2050)
(2187,2048)
(2184,2045)
(2179,2045)
(2178,2040)
(2177,2039)
(2177,2040)
(2173,2038)
(2173,2037)
(2174,2037)
(2177,2036)
(2179,2033)
(2176,2029)
(2175,2030)
(2174,2028)
(2171,2022)
(2168,2021)
(2171,2019)
(2171,2016)
(2168,2014)
(2167,2012)
(2168,2012)
(2169,2007)
(2168,2004)
(2169,2001)
(2167,1997)
(2168,1988)
(2164,1985)
(2165,1983)
(2166,1976)
(2164,1972)
(2161,1968)
(2162,1960)
(2166,1953)
(2166,1950)
(2170,1942)
(2173,1940)
(2175,1937)
(2177,1937)
(2181,1932)
(2186,1929)
(2191,1924)
(2193,1921)
(2193,1916)
(2195,1911)
(2196,1907)
(2198,1904)
(2199,1900)
(2203,1892)
(2206,1883)
(2207,1883)
(2208,1881)
(2211,1863)
(2211,1845)
(2213,1841)
(2211,1837)
(2207,1834)
(2204,1834)
(2201,1834)
(2197,1833)
(2196,1835)
(2194,1835)
(2191,1834)
(2187,1830)
(2186,1830)
(2186,1829)
(2184,1828)
(2180,1831)
(2178,1828)
(2177,1828)
(2177,1829)
(2176,1829)
(2175,1827)
(2172,1824)
(2174,1823)
(2176,1824)
(2176,1822)
(2178,1815)
(2177,1809)
(2175,1809)
(2176,1808)
(2175,1808)
(2174,1806)
(2176,1803)
(2175,1802)
(2175,1803)
(2172,1799)
(2173,1795)
(2171,1793)
(2170,1788)
(2169,1789)
(2168,1787)
(2168,1786)
(2169,1787)
(2170,1783)
(2167,1781)
(2169,1780)
(2170,1778)
(2170,1777)
(2170,1778)
(2171,1778)
(2171,1775)
(2172,1777)
(2172,1770)
(2174,1767)
(2174,1765)
(2175,1765)
(2176,1764)
(2176,1762)
(2174,1761)
(2179,1754)
(2180,1750)
(2181,1749)
(2182,1748)
(2183,1746)
(2185,1748)
(2187,1747)
(2189,1746)
(2189,1748)
(2192,1748)
(2194,1745)
(2193,1743)
(2192,1743)
(2193,1741)
(2193,1743)
(2195,1741)
(2197,1742)
(2197,1745)
(2199,1745)
(2198,1746)
(2197,1745)
(2198,1747)
(2200,1745)
(2201,1743)
(2203,1741)
(2202,1739)
(2205,1736)
(2202,1733)
(2202,1734)
(2201,1732)
(2198,1731)
(2199,1734)
(2200,1733)
(2199,1734)
(2197,1732)
(2196,1732)
(2195,1730)
(2197,1729)
(2198,1731)
(2199,1729)
(2199,1727)
(2200,1728)
(2202,1723)
(2201,1720)
(2203,1718)
(2202,1717)
(2204,1716)
(2206,1717)
(2209,1717)
(2208,1716)
(2209,1715)
(2210,1713)
(2209,1712)
(2209,1711)
(2207,1711)
(2208,1709)
(2209,1710)
(2209,1708)
(2210,1707)
(2211,1708)
(2213,1708)
(2212,1706)
(2212,1704)
(2211,1703)
(2210,1703)
(2210,1705)
(2207,1704)
(2209,1699)
(2207,1698)
(2208,1696)
(2209,1696)
(2209,1699)
(2211,1697)
(2210,1695)
(2208,1694)
(2205,1696)
(2205,1698)
(2203,1698)
(2204,1697)
(2203,1695)
(2201,1693)
(2201,1690)
(2196,1687)
(2195,1685)
(2195,1684)
(2194,1682)
(2194,1681)
(2194,1679)
(2196,1678)
(2196,1683)
(2198,1685)
(2199,1684)
(2198,1683)
(2200,1684)
(2201,1682)
(2200,1682)
(2200,1681)
(2201,1678)
(2202,1682)
(2203,1683)
(2203,1685)
(2202,1685)
(2203,1687)
(2205,1685)
(2206,1686)
(2205,1688)
(2208,1687)
(2208,1685)
(2205,1683)
(2206,1682)
(2205,1681)
(2205,1678)
(2205,1677)
(2204,1675)
(2205,1674)
(2204,1673)
(2205,1673)
(2204,1672)
(2205,1669)
(2205,1663)
(2203,1661)
(2203,1662)
(2202,1660)
(2199,1660)
(2201,1653)
(2199,1649)
(2200,1644)
(2201,1644)
(2201,1642)
(2202,1642)
(2202,1645)
(2204,1646)
(2205,1648)
(2206,1657)
(2208,1658)
(2207,1661)
(2207,1664)
(2209,1669)
(2209,1675)
(2208,1676)
(2208,1679)
(2207,1682)
(2208,1683)
(2209,1683)
(2209,1681)
(2210,1682)
(2211,1680)
(2212,1683)
(2214,1681)
(2214,1682)
(2215,1681)
(2215,1684)
(2216,1683)
(2216,1686)
(2216,1689)
(2214,1690)
(2215,1690)
(2216,1689)
(2217,1692)
(2218,1693)
(2219,1692)
(2220,1693)
(2219,1695)
(2220,1695)
(2221,1696)
(2221,1699)
(2222,1700)
(2222,1686)
(2221,1686)
(2222,1685)
(2222,1675)
(2219,1666)
(2220,1661)
(2219,1658)
(2220,1654)
(2218,1654)
(2220,1651)
(2219,1649)
(2222,1645)
(2221,1645)
(2221,1644)
(2220,1643)
(2221,1643)
(2221,1640)
(2220,1640)
(2218,1638)
(2217,1638)
(2218,1638)
(2217,1636)
(2218,1635)
(2221,1635)
(2222,1634)
(2225,1634)
(2226,1637)
(2227,1635)
(2228,1636)
(2227,1639)
(2229,1640)
(2228,1641)
(2229,1642)
(2229,1643)
(2227,1643)
(2227,1646)
(2225,1648)
(2227,1652)
(2227,1654)
(2228,1654)
(2228,1653)
(2229,1653)
(2231,1652)
(2232,1654)
(2232,1655)
(2231,1655)
(2232,1657)
(2233,1655)
(2236,1657)
(2237,1656)
(2236,1653)
(2235,1653)
(2233,1651)
(2234,1650)
(2236,1651)
(2236,1649)
(2235,1648)
(2236,1648)
(2239,1650)
(2240,1648)
(2238,1647)
(2238,1644)
(2241,1643)
(2243,1646)
(2245,1645)
(2244,1642)
(2242,1641)
(2242,1639)
(2240,1640)
(2241,1632)
(2244,1633)
(2248,1633)
(2248,1631)
(2250,1631)
(2253,1631)
(2253,1633)
(2255,1633)
(2258,1628)
(2259,1620)
(2261,1621)
(2261,1627)
(2263,1634)
(2269,1636)
(2270,1634)
(2274,1636)
(2277,1636)
(2279,1634)
(2279,1628)
(2280,1626)
(2281,1624)
(2282,1624)
(2284,1619)
(2284,1615)
(2282,1612)
(2289,1609)
(2290,1606)
(2292,1607)
(2293,1606)
(2292,1604)
(2292,1598)
(2286,1596)
(2286,1595)
(2288,1594)
(2287,1593)
(2288,1592)
(2290,1591)
(2290,1589)
(2293,1586)
(2293,1585)
(2292,1585)
(2293,1583)
(2294,1584)
(2296,1583)
(2295,1583)
(2293,1581)
(2294,1579)
(2296,1577)
(2296,1574)
(2297,1574)
(2297,1577)
(2299,1577)
(2299,1578)
(2300,1577)
(2302,1577)
(2301,1578)
(2302,1579)
(2300,1579)
(2298,1582)
(2299,1583)
(2300,1583)
(2300,1584)
(2301,1587)
(2302,1589)
(2305,1587)
(2304,1590)
(2305,1591)
(2308,1586)
(2307,1584)
(2307,1583)
(2310,1584)
(2311,1582)
(2318,1581)
(2319,1582)
(2320,1585)
(2320,1589)
(2319,1592)
(2316,1594)
(2314,1594)
(2311,1598)
(2308,1598)
(2308,1596)
(2307,1596)
(2305,1595)
(2305,1597)
(2300,1599)
(2298,1601)
(2299,1602)
(2303,1600)
(2306,1602)
(2305,1604)
(2302,1606)
(2301,1608)
(2303,1619)
(2304,1621)
(2304,1625)
(2307,1630)
(2308,1623)
(2307,1619)
(2306,1616)
(2307,1615)
(2308,1615)
(2306,1614)
(2306,1617)
(2310,1613)
(2312,1609)
(2312,1610)
(2310,1613)
(2313,1610)
(2316,1611)
(2317,1610)
(2315,1608)
(2316,1608)
(2317,1605)
(2318,1606)
(2319,1603)
(2320,1605)
(2321,1603)
(2324,1604)
(2325,1610)
(2324,1610)
(2325,1611)
(2324,1614)
(2325,1615)
(2325,1616)
(2329,1614)
(2330,1616)
(2328,1617)
(2329,1618)
(2331,1618)
(2332,1621)
(2331,1622)
(2332,1624)
(2334,1622)
(2335,1624)
(2336,1623)
(2335,1620)
(2336,1618)
(2335,1611)
(2336,1611)
(2337,1608)
(2339,1608)
(2341,1609)
(2342,1608)
(2344,1613)
(2350,1609)
(2350,1606)
(2352,1604)
(2355,1603)
(2356,1597)
(2358,1598)
(2359,1599)
(2357,1598)
(2357,1600)
(2358,1600)
(2359,1602)
(2360,1602)
(2364,1608)
(2366,1608)
(2366,1612)
(2368,1612)
(2369,1616)
(2373,1617)
(2374,1616)
(2374,1613)
(2373,1610)
(2374,1607)
(2373,1600)
(2371,1587)
(2369,1582)
(2369,1576)
(2368,1575)
(2368,1574)
(2367,1568)
(2369,1564)
(2374,1566)
(2378,1569)
(2380,1570)
(2385,1568)
(2387,1569)
(2389,1569)
(2390,1568)
(2397,1569)
(2400,1572)
(2399,1575)
(2400,1577)
(2401,1580)
(2406,1582)
(2407,1584)
(2412,1585)
(2413,1591)
(2417,1594)
(2417,1596)
(2421,1601)
(2423,1603)
(2423,1602)
(2424,1606)
(2424,1615)
(2423,1618)
(2424,1622)
(2427,1625)
(2427,1629)
(2426,1631)
(2427,1634)
(2428,1637)
(2425,1640)
(2424,1638)
(2423,1638)
(2419,1646)
(2418,1653)
(2420,1657)
(2419,1661)
(2419,1667)
(2422,1673)
(2424,1670)
(2424,1667)
(2426,1665)
(2427,1665)
(2429,1661)
(2430,1661)
(2431,1663)
(2432,1664)
(2431,1665)
(2432,1665)
(2432,1667)
(2430,1667)
(2431,1668)
(2429,1682)
(2427,1681)
(2424,1674)
(2422,1675)
(2421,1677)
(2424,1695)
(2424,1709)
(2423,1708)
(2424,1711)
(2422,1720)
(2422,1721)
(2424,1727)
(2423,1732)
(2422,1736)
(2422,1744)
(2425,1745)
(2426,1749)
(2428,1745)
(2428,1740)
(2428,1738)
(2428,1734)
(2430,1731)
(2431,1727)
(2433,1728)
(2436,1736)
(2438,1739)
(2439,1746)
(2440,1749)
(2439,1756)
(2442,1763)
(2441,1766)
(2444,1771)
(2441,1773)
(2444,1788)
(2443,1794)
(2443,1796)
(2446,1796)
(2445,1786)
(2446,1785)
(2447,1782)
(2446,1771)
(2447,1769)
(2446,1765)
(2445,1763)
(2446,1761)
(2449,1760)
(2448,1755)
(2450,1757)
(2451,1757)
(2453,1754)
(2454,1749)
(2457,1746)
(2459,1741)
(2462,1741)
(2463,1743)
(2467,1744)
(2467,1746)
(2470,1744)
(2474,1750)
(2474,1753)
(2473,1758)
(2470,1775)
(2471,1777)
(2469,1784)
(2468,1804)
(2468,1810)
(2470,1813)
(2471,1814)
(2473,1817)
(2472,1820)
(2471,1822)
(2469,1830)
(2468,1838)
(2465,1845)
(2464,1858)
(2466,1868)
(2465,1874)
(2468,1880)
(2470,1882)
(2473,1885)
(2474,1884)
(2477,1885)
(2478,1884)
(2479,1884)
(2479,1888)
(2481,1890)
(2483,1897)
(2486,1905)
(2487,1906)
(2490,1913)
(2493,1920)
(2494,1922)
(2496,1929)
(2503,1937)
(2503,1941)
(2505,1943)
(2504,1945)
(2506,1947)
(2507,1950)
(2509,1952)
(2509,1954)
(2510,1956)
(2510,1961)
(2512,1967)
(2512,1972)
(2513,1977)
(2516,1983)
(2519,1995)
(2521,2000)
(2519,2027)
(2519,2046)
(2516,2059)
(2518,2068)
(2518,2069)
(2517,2074)
(2517,2083)
(2519,2091)
(2521,2095)
(2526,2097)
(2525,2101)
(2522,2103)
(2521,2105)
(2521,2109)
(2522,2111)
(2521,2113)
(2521,2107)
(2515,2106)
(2511,2109)
(2508,2113)
(2508,2112)
(2506,2113)
(2503,2117)
(2501,2125)
(2499,2127)
(2498,2135)
(2500,2146)
(2504,2157)
(2501,2155)
(2498,2155)
(2504,2158)
(2501,2162)
(2502,2162)
(2501,2163)
(2496,2168)
(2492,2168)
(2490,2167)
(2488,2168)
(2481,2174)
(2479,2180)
(2477,2181)
(2475,2186)
(2475,2189)
(2476,2192)
(2481,2197)
(2482,2197)
(2482,2199)
(2481,2212)
(2477,2221)
(2475,2222)
(2472,2222)
(2470,2223)
(2469,2229)
(2469,2238)
(2467,2239)
(2466,2243)
(2465,2245)
(2464,2248)
(2462,2252)
(2463,2256)
(2467,2259)
(2468,2261)
(2467,2262)
(2467,2267)
(2464,2267)
(2463,2268)
(2462,2269)
(2461,2272)
(2459,2274)
(2459,2281)
(2456,2292)
(2457,2297)
(2455,2302)
(2455,2303)
(2455,2306)
(2455,2311)
(2458,2318)
(2457,2320)
(2457,2322)
(2461,2329)
(2461,2332)
(2462,2335)
(2462,2341)
(2462,2343)
(2464,2349)
(2465,2350)
(2463,2357)
(2467,2365)
(2466,2370)
(2461,2375)
(2460,2379)
(2461,2384)
(2460,2387)
(2457,2393)
(2459,2400)
(2456,2404)
(2455,2409)
(2459,2420)
(2461,2422)
(2462,2427)
(2462,2433)
(2464,2437)
(2466,2441)
(2469,2445)
(2472,2450)
(2472,2457)
(2474,2463)
(2476,2466)
(2477,2471)
(2482,2479)
(2482,2483)
(2485,2486)
(2487,2486)
(2490,2491)
(2489,2499)
(2490,2503)
(2488,2503)
(2488,2506)
(2486,2510)
(2491,2518)
(2489,2523)
(2490,2526)
(2490,2531)
(2489,2532)
(2489,2537)
(2486,2548)
(2487,2551)
(2488,2551)
(2490,2554)
(2495,2555)
(2496,2560)
(2495,2570)
(2492,2569)
(2491,2567)
(2488,2571)
(2490,2574)
(2489,2574)
(2487,2579)
(2482,2582)
(2482,2585)
(2479,2588)
(2478,2592)
(2477,2592)
(2475,2587)
(2475,2592)
(2471,2594)
(2472,2602)
(2471,2606)
(2468,2608)
(2466,2607)
(2461,2609)
(2460,2616)
(2455,2620)
(2450,2621)
(2446,2625)
(2442,2624)
(2441,2625)
(2433,2619)
(2432,2619)
(2431,2617)
(2428,2613)
(2425,2617)
(2420,2616)
(2416,2621)
(2414,2622)
(2413,2620)
(2410,2623)
(2408,2619)
(2407,2619)
(2401,2636)
(2401,2643)
(2402,2646)
(2401,2649)
(2402,2651)
(2403,2657)
(2400,2663)
(2398,2669)
(2395,2673)
(2390,2676)
(2390,2677)
(2388,2679)
(2387,2682)
(2386,2682)
(2383,2686)
(2381,2688)
(2378,2688)
(2382,2684)
(2383,2681)
(2387,2676)
(2382,2668)
(2379,2669)
(2374,2666)
(2367,2666)
(2365,2665)
(2363,2658)
(2365,2654)
(2365,2652)
(2364,2648)
(2365,2647)
(2365,2644)
(2363,2642)
(2357,2646)
(2355,2645)
(2354,2646)
(2352,2646)
(2348,2653)
(2345,2651)
(2342,2652)
(2340,2650)
(2337,2652)
(2334,2652)
(2332,2655)
(2332,2657)
(2330,2658)
(2323,2656)
(2322,2657)
(2320,2656)
(2318,2659)
(2311,2659)
(2307,2658)
(2303,2658)
(2302,2663)
(2304,2666)
(2301,2669)
(2299,2668)
(2296,2664)
(2290,2663)
(2288,2661)
(2286,2661)
(2286,2659)
(2282,2657)
(2281,2656)
(2274,2653)
(2272,2657)
(2273,2660)
(2272,2664)
(2269,2665)
(2269,2667)
(2266,2667)
(2267,2672)
(2266,2675)
(2264,2677)
(2262,2677)
(2259,2673)
(2257,2675)
(2256,2677)
(2254,2676)
(2249,2676)
(2247,2675)
(2246,2679)
(2243,2680)
(2243,2683)
(2241,2685)
(2238,2689)
(2236,2689)
(2234,2686)
(2229,2687)
(2230,2686)
(2231,2678)
(2224,2666)
(2223,2661)
(2221,2662)
(2218,2659)
(2219,2655)
(2223,2654)
(2226,2652)
(2229,2654)
(2230,2656)
(2235,2656)
(2237,2654)
(2239,2647)
(2239,2641)
(2237,2638)
(2233,2635)
(2233,2632)
(2232,2630)
(2234,2627)
(2234,2623)
(2234,2617)
(2235,2615)
(2236,2614)
(2235,2609)
(2240,2601)
(2239,2597)
(2243,2589)
(2241,2581)
(2239,2577)
(2241,2570)
(2243,2569)
(2243,2567)
(2241,2564)
(2239,2563)
(2236,2559)
(2229,2555)
(2226,2541)
(2228,2541)
(2230,2540)
(2234,2541)
(2237,2537)
(2237,2533)
(2239,2533)
(2239,2532)
(2236,2529)
(2231,2523)
(2228,2510)
(2227,2501)
(2225,2493)
(2224,2473)
(2225,2471)
(2228,2456)
(2227,2450)
(2227,2446)
(2225,2441)
(2222,2431)
(2220,2426)
(2213,2411)
(2212,2407)
(2209,2400)
(2205,2389)
(2205,2382)
(2203,2378)
(2200,2354)
(2200,2351)
(2202,2342)
(2202,2335)
(2202,2324)
(2211,2311)
(2214,2303)
(2215,2295)
(2214,2291)
(2207,2273)
(2205,2267)
(2204,2260)
(2198,2247)
(2200,2235)
(2199,2230)
(2200,2227)
(2197,2225)
(2198,2223)
(2200,2221)
(2203,2223)
(2205,2219)
(2210,2200)
(2208,2200)
(2205,2197)
(2202,2197)
(2198,2195)
(2193,2195)
(2189,2193)
(2185,2194)
(2184,2195)
(2183,2197)
(2181,2197)
(2180,2196)
(2180,2199)
(2177,2201)
(2174,2201)
(2173,2197)
(2174,2190)
(2174,2189)
(2172,2188)
(2173,2183)
(2172,2184)
(2171,2182)
(2161,2183)
(2160,2181)
(2160,2179)
(2160,2178)
(2157,2178)
(2158,2174)
(2157,2173)
(2155,2171)
(2149,2170)
(2149,2169)
(2152,2166)
(2153,2161)
(2156,2160)
(2156,2155)