1149
(2727,1693)
(2731,1695)
(2733,1699)
(2731,1704)
(2729,1707)
(2731,1711)
(2734,1711)
(2735,1713)
(2737,1712)
(2740,1711)
(2741,1710)
(2743,1712)
(2745,1716)
(2746,1716)
(2746,1718)
(2748,1723)
(2749,1723)
(2751,1727)
(2754,1727)
(2757,1726)
(2759,1729)
(2760,1734)
(2761,1739)
(2764,1740)
(2767,1738)
(2769,1741)
(2772,1743)
(2773,1742)
(2777,1737)
(2780,1739)
(2783,1738)
(2788,1737)
(2790,1741)
(2791,1745)
(2792,1751)
(2793,1750)
(2794,1755)
(2791,1754)
(2790,1756)
(2787,1754)
(2784,1753)
(2783,1755)
(2783,1756)
(2786,1759)
(2787,1759)
(2790,1760)
(2790,1761)
(2789,1762)
(2787,1765)
(2788,1764)
(2789,1768)
(2787,1770)
(2785,1774)
(2782,1776)
(2782,1782)
(2784,1781)
(2787,1781)
(2787,1785)
(2789,1785)
(2788,1787)
(2787,1788)
(2786,1788)
(2783,1789)
(2782,1794)
(2784,1796)
(2783,1800)
(2784,1804)
(2783,1806)
(2786,1809)
(2785,1809)
(2786,1804)
(2788,1802)
(2791,1798)
(2790,1796)
(2794,1795)
(2794,1797)
(2796,1798)
(2799,1797)
(2802,1798)
(2806,1799)
(2809,1797)
(2810,1798)
(2810,1796)
(2810,1795)
(2810,1794)
(2813,1793)
(2813,1792)
(2812,1789)
(2812,1785)
(2815,1784)
(2816,1779)
(2819,1776)
(2822,1777)
(2823,1778)
(2826,1777)
(2825,1773)
(2828,1771)
(2829,1775)
(2830,1775)
(2836,1774)
(2836,1776)
(2839,1776)
(2843,1774)
(2841,1770)
(2840,1770)
(2838,1766)
(2839,1764)
(2843,1764)
(2843,1762)
(2843,1760)
(2847,1759)
(2846,1755)
(2847,1754)
(2847,1751)
(2848,1750)
(2851,1751)
(2850,1750)
(2854,1749)
(2854,1750)
(2856,1754)
(2860,1753)
(2863,1753)
(2865,1756)
(2869,1757)
(2868,1755)
(2868,1754)
(2871,1754)
(2874,1757)
(2874,1755)
(2873,1754)
(2873,1753)
(2877,1752)
(2880,1751)
(2879,1746)
(2877,1745)
(2877,1743)
(2878,1738)
(2877,1736)
(2880,1734)
(2882,1731)
(2884,1731)
(2887,1731)
(2888,1727)
(2888,1722)
(2890,1718)
(2890,1713)
(2887,1711)
(2884,1710)
(2886,1707)
(2890,1706)
(2891,1705)
(2891,1703)
(2888,1700)
(2888,1699)
(2889,1699)
(2892,1702)
(2895,1701)
(2894,1696)
(2893,1692)
(2896,1690)
(2894,1686)
(2895,1685)
(2898,1686)
(2900,1681)
(2900,1676)
(2903,1673)
(2905,1670)
(2908,1666)
(2907,1661)
(2908,1656)
(2909,1656)
(2909,1655)
(2908,1651)
(2905,1647)
(2905,1643)
(2907,1641)
(2906,1639)
(2903,1637)
(2902,1634)
(2904,1632)
(2904,1627)
(2906,1624)
(2906,1623)
(2903,1623)
(2902,1621)
(2902,1616)
(2906,1612)
(2905,1609)
(2904,1605)
(2903,1605)
(2900,1610)
(2899,1610)
(2896,1607)
(2897,1606)
(2898,1606)
(2899,1605)
(2901,1602)
(2900,1601)
(2898,1601)
(2898,1599)
(2895,1597)
(2895,1595)
(2892,1592)
(2893,1588)
(2891,1584)
(2891,1579)
(2890,1579)
(2885,1576)
(2884,1574)
(2880,1572)
(2879,1570)
(2878,1551)
(2876,1546)
(2876,1533)
(2875,1520)
(2873,1514)
(2865,1507)
(2863,1495)
(2863,1494)
(2869,1489)
(2871,1481)
(2874,1480)
(2876,1476)
(2877,1465)
(2876,1462)
(2876,1459)
(2874,1454)
(2875,1448)
(2877,1443)
(2878,1438)
(2876,1432)
(2878,1430)
(2879,1427)
(2879,1420)
(2881,1413)
(2879,1409)
(2880,1403)
(2883,1398)
(2885,1396)
(2887,1390)
(2885,1387)
(2881,1385)
(2879,1382)
(2881,1377)
(2878,1376)
(2877,1374)
(2879,1371)
(2883,1373)
(2887,1368)
(2886,1357)
(2891,1354)
(2892,1355)
(2892,1353)
(2895,1350)
(2895,1343)
(2899,1339)
(2902,1339)
(2902,1336)
(2904,1336)
(2905,1329)
(2909,1329)
(2911,1330)
(2915,1330)
(2917,1334)
(2919,1335)
(2921,1340)
(2926,1341)
(2928,1343)
(2931,1343)
(2934,1346)
(2939,1348)
(2940,1352)
(2945,1353)
(2946,1356)
(2943,1359)
(2943,1361)
(2943,1366)
(2940,1371)
(2940,1373)
(2943,1372)
(2945,1373)
(2948,1367)
(2949,1367)
(2950,1362)
(2957,1366)
(2963,1364)
(2966,1361)
(2969,1361)
(2971,1359)
(2974,1361)
(2978,1365)
(2981,1367)
(2982,1370)
(2984,1373)
(2986,1374)
(2988,1377)
(2990,1378)
(2991,1380)
(2999,1389)
(3012,1407)
(3019,1421)
(3023,1422)
(3024,1429)
(3024,1440)
(3028,1442)
(3030,1442)
(3033,1448)
(3035,1446)
(3038,1446)
(3041,1444)
(3042,1445)
(3043,1442)
(3046,1441)
(3046,1439)
(3048,1437)
(3050,1438)
(3050,1447)
(3051,1449)
(3054,1442)
(3057,1438)
(3059,1438)
(3060,1435)
(3064,1434)
(3066,1432)
(3069,1432)
(3073,1424)
(3077,1422)
(3078,1418)
(3080,1418)
(3082,1421)
(3084,1422)
(3087,1418)
(3089,1420)
(3090,1417)
(3091,1421)
(3094,1418)
(3098,1419)
(3100,1424)
(3098,1429)
(3099,1434)
(3095,1437)
(3095,1438)
(3095,1443)
(3096,1446)
(3099,1451)
(3104,1459)
(3107,1462)
(3110,1463)
(3115,1463)
(3116,1465)
(3116,1472)
(3115,1480)
(3114,1485)
(3116,1490)
(3115,1497)
(3115,1502)
(3117,1506)
(3118,1511)
(3119,1517)
(3118,1520)
(3116,1525)
(3116,1530)
(3115,1536)
(3115,1543)
(3117,1549)
(3115,1554)
(3115,1559)
(3115,1564)
(3114,1569)
(3113,1573)
(3112,1580)
(3112,1585)
(3110,1587)
(3108,1591)
(3109,1593)
(3110,1598)
(3109,1600)
(3108,1606)
(3107,1611)
(3105,1617)
(3107,1622)
(3107,1627)
(3107,1632)
(3106,1632)
(3100,1632)
(3100,1634)
(3100,1636)
(3099,1636)
(3096,1635)
(3096,1636)
(3097,1637)
(3098,1644)
(3097,1650)
(3100,1652)
(3099,1652)
(3099,1654)
(3098,1659)
(3096,1664)
(3095,1664)
(3093,1661)
(3090,1661)
(3088,1665)
(3092,1668)
(3095,1670)
(3098,1673)
(3097,1675)
(3094,1675)
(3094,1677)
(3094,1683)
(3097,1688)
(3099,1691)
(3101,1697)
(3098,1696)
(3096,1701)
(3093,1704)
(3094,1706)
(3095,1711)
(3094,1716)
(3094,1721)
(3091,1719)
(3086,1721)
(3087,1722)
(3088,1724)
(3085,1727)
(3086,1728)
(3087,1728)
(3090,1727)
(3093,1730)
(3095,1735)
(3095,1740)
(3094,1740)
(3095,1741)
(3099,1748)
(3098,1754)
(3095,1753)
(3095,1755)
(3091,1756)
(3088,1757)
(3084,1759)
(3083,1762)
(3085,1766)
(3084,1770)
(3085,1772)
(3088,1773)
(3088,1775)
(3090,1778)
(3091,1784)
(3090,1784)
(3087,1788)
(3088,1793)
(3089,1794)
(3089,1797)
(3090,1804)
(3091,1810)
(3089,1814)
(3087,1818)
(3084,1822)
(3081,1821)
(3080,1823)
(3078,1828)
(3077,1828)
(3077,1830)
(3075,1834)
(3079,1835)
(3080,1839)
(3082,1840)
(3085,1838)
(3086,1836)
(3089,1837)
(3090,1836)
(3093,1835)
(3093,1833)
(3095,1834)
(3096,1831)
(3097,1833)
(3100,1835)
(3103,1835)
(3103,1838)
(3106,1839)
(3107,1838)
(3107,1840)
(3110,1841)
(3111,1842)
(3114,1846)
(3114,1848)
(3117,1850)
(3119,1854)
(3120,1854)
(3121,1856)
(3124,1856)
(3125,1860)
(3126,1867)
(3124,1872)
(3123,1878)
(3124,1879)
(3126,1881)
(3128,1885)
(3127,1890)
(3127,1897)
(3126,1902)
(3126,1908)
(3126,1914)
(3125,1916)
(3122,1917)
(3122,1918)
(3123,1923)
(3123,1928)
(3125,1934)
(3126,1938)
(3128,1942)
(3131,1941)
(3135,1943)
(3138,1942)
(3140,1942)
(3139,1948)
(3139,1955)
(3136,1961)
(3135,1962)
(3135,1968)
(3137,1970)
(3135,1974)
(3136,1979)
(3138,1983)
(3140,1988)
(3143,1992)
(3141,1998)
(3142,2003)
(3141,2007)
(3141,2010)
(3141,2011)
(3138,2013)
(3140,2017)
(3141,2022)
(3142,2029)
(3138,2032)
(3138,2035)
(3135,2036)
(3133,2040)
(3131,2044)
(3129,2045)
(3128,2048)
(3125,2047)
(3125,2045)
(3121,2046)
(3118,2048)
(3115,2053)
(3115,2055)
(3111,2056)
(3111,2063)
(3110,2066)
(3106,2067)
(3104,2067)
(3103,2060)
(3102,2055)
(3101,2048)
(3098,2048)
(3096,2052)
(3094,2056)
(3091,2058)
(3087,2056)
(3084,2053)
(3082,2057)
(3083,2059)
(3079,2059)
(3075,2056)
(3075,2058)
(3076,2063)
(3074,2067)
(3075,2073)
(3075,2078)
(3075,2079)
(3072,2081)
(3071,2085)
(3071,2089)
(3072,2094)
(3074,2098)
(3073,2103)
(3073,2108)
(3069,2108)
(3066,2111)
(3063,2113)
(3063,2117)
(3064,2118)
(3064,2125)
(3062,2125)
(3061,2120)
(3057,2121)
(3056,2124)
(3053,2123)
(3049,2125)
(3047,2129)
(3043,2129)
(3040,2130)
(3039,2125)
(3036,2126)
(3036,2125)
(3031,2128)
(3029,2132)
(3027,2136)
(3023,2137)
(3022,2142)
(3024,2148)
(3026,2149)
(3027,2159)
(3027,2164)
(3026,2171)
(3025,2173)
(3022,2176)
(3021,2178)
(3018,2179)
(3020,2186)
(3018,2191)
(3018,2196)
(3017,2194)
(3014,2197)
(3016,2201)
(3019,2208)
(3021,2216)
(3021,2220)
(3021,2226)
(3021,2230)
(3023,2237)
(3026,2241)
(3026,2246)
(3026,2248)
(3023,2248)
(3020,2252)
(3018,2257)
(3018,2258)
(3015,2258)
(3011,2259)
(3008,2263)
(3005,2268)
(3003,2272)
(3003,2275)
(3000,2277)
(2998,2281)
(2997,2281)
(2995,2283)
(2996,2287)
(2996,2289)
(2998,2293)
(3003,2292)
(3004,2292)
(3005,2297)
(3005,2298)
(3005,2300)
(3002,2302)
(3000,2302)
(3000,2308)
(2998,2312)
(2999,2317)
(2998,2319)
(2999,2321)
(2999,2322)
(2996,2322)
(2994,2327)
(2992,2331)
(2992,2336)
(2989,2337)
(2989,2342)
(2990,2346)
(2993,2350)
(2991,2353)
(2986,2356)
(2985,2361)
(2986,2368)
(2985,2375)
(2984,2377)
(2980,2378)
(2977,2381)
(2974,2388)
(2974,2394)
(2976,2398)
(2977,2403)
(2977,2409)
(2974,2413)
(2970,2413)
(2967,2410)
(2964,2410)
(2959,2411)
(2955,2412)
(2954,2408)
(2951,2405)
(2951,2402)
(2947,2399)
(2945,2397)
(2944,2396)
(2944,2392)
(2943,2387)
(2944,2382)
(2943,2380)
(2940,2383)
(2936,2387)
(2934,2390)
(2930,2388)
(2927,2386)
(2924,2383)
(2921,2383)
(2918,2381)
(2916,2381)
(2915,2386)
(2915,2390)
(2911,2392)
(2910,2391)
(2908,2391)
(2906,2394)
(2903,2395)
(2901,2395)
(2899,2391)
(2898,2396)
(2899,2399)
(2896,2401)
(2894,2401)
(2893,2397)
(2891,2397)
(2888,2394)
(2885,2393)
(2883,2389)
(2880,2389)
(2876,2388)
(2873,2387)
(2870,2385)
(2870,2379)
(2870,2374)
(2870,2372)
(2872,2368)
(2871,2366)
(2873,2362)
(2872,2357)
(2871,2352)
(2870,2347)
(2872,2342)
(2872,2337)
(2872,2332)
(2872,2330)
(2869,2330)
(2869,2328)
(2865,2327)
(2862,2327)
(2861,2326)
(2862,2321)
(2859,2318)
(2858,2312)
(2858,2307)
(2857,2308)
(2857,2303)
(2854,2300)
(2852,2298)
(2848,2298)
(2845,2299)
(2843,2298)
(2842,2296)
(2839,2294)
(2838,2294)
(2838,2299)
(2835,2300)
(2834,2296)
(2831,2294)
(2828,2294)
(2827,2294)
(2812,2222)
(2808,2212)
(2806,2212)
(2798,2206)
(2799,2205)
(2798,2206)
(2801,2208)
(2804,2208)
(2806,2204)
(2806,2197)
(2805,2195)
(2805,2191)
(2803,2183)
(2797,2177)
(2796,2176)
(2797,2176)
(2796,2174)
(2798,2174)
(2800,2172)
(2799,2167)
(2800,2164)
(2799,2154)
(2797,2149)
(2795,2144)
(2789,2138)
(2787,2129)
(2781,2122)
(2768,2111)
(2764,2099)
(2765,2099)
(2767,2103)
(2768,2103)
(2771,2112)
(2781,2121)
(2780,2118)
(2781,2116)
(2784,2116)
(2786,2117)
(2787,2114)
(2790,2111)
(2788,2110)
(2784,2113)
(2778,2107)
(2775,2103)
(2774,2096)
(2775,2094)
(2773,2093)
(2771,2089)
(2762,2090)
(2756,2092)
(2747,2097)
(2739,2104)
(2725,2117)
(2721,2122)
(2717,2130)
(2720,2143)
(2725,2148)
(2728,2149)
(2728,2151)
(2727,2152)
(2726,2151)
(2724,2152)
(2722,2157)
(2721,2160)
(2722,2162)
(2725,2164)
(2728,2168)
(2728,2178)
(2726,2178)
(2727,2181)
(2726,2184)
(2726,2189)
(2725,2191)
(2724,2192)
(2725,2196)
(2723,2198)
(2721,2198)
(2720,2196)
(2720,2190)
(2720,2189)
(2717,2190)
(2717,2186)
(2709,2184)
(2705,2187)
(2702,2182)
(2702,2176)
(2700,2173)
(2702,2163)
(2700,2159)
(2700,2156)
(2699,2151)
(2700,2150)
(2703,2147)
(2705,2143)
(2707,2138)
(2707,2131)
(2703,2124)
(2701,2124)
(2700,2126)
(2699,2122)
(2697,2122)
(2697,2115)
(2695,2114)
(2693,2109)
(2687,2105)
(2687,2103)
(2690,2100)
(2690,2098)
(2690,2095)
(2689,2094)
(2689,2092)
(2689,2090)
(2689,2084)
(2686,2079)
(2685,2072)
(2683,2067)
(2678,2063)
(2673,2060)
(2673,2056)
(2670,2054)
(2669,2051)
(2666,2047)
(2663,2036)
(2663,2023)
(2666,2018)
(2669,2015)
(2669,2012)
(2671,2008)
(2675,2002)
(2675,2004)
(2676,2006)
(2677,2014)
(2678,2011)
(2682,2013)
(2687,2011)
(2690,2013)
(2691,2016)
(2695,2017)
(2706,2013)
(2709,2007)
(2711,2003)
(2709,1995)
(2711,1993)
(2712,1990)
(2716,1984)
(2721,1976)
(2721,1973)
(2721,1964)
(2719,1960)
(2719,1955)
(2720,1950)
(2724,1949)
(2728,1952)
(2731,1958)
(2732,1962)
(2733,1965)
(2734,1970)
(2736,1969)
(2739,1974)
(2744,1991)
(2746,1990)
(2747,1990)
(2745,1993)
(2745,1995)
(2751,2009)
(2750,2013)
(2752,2014)
(2753,2017)
(2751,2021)
(2754,2021)
(2755,2026)
(2756,2026)
(2757,2020)
(2756,2017)
(2758,2019)
(2760,2018)
(2761,2019)
(2762,2018)
(2765,2019)
(2769,2016)
(2767,2012)
(2766,2011)
(2765,2013)
(2764,2010)
(2763,2011)
(2763,2006)
(2765,2003)
(2766,2000)
(2765,1998)
(2766,1999)
(2767,1999)
(2768,1995)
(2768,1993)
(2769,1994)
(2773,1994)
(2770,1992)
(2768,1987)
(2770,1982)
(2768,1982)
(2767,1981)
(2767,1974)
(2768,1966)
(2764,1951)
(2768,1936)
(2770,1935)
(2772,1936)
(2771,1934)
(2772,1928)
(2775,1923)
(2776,1918)
(2778,1917)
(2779,1913)
(2777,1914)
(2777,1908)
(2779,1906)
(2781,1910)
(2781,1919)
(2783,1921)
(2783,1924)
(2785,1923)
(2787,1920)
(2787,1916)
(2789,1907)
(2790,1903)
(2789,1902)
(2786,1901)
(2788,1900)
(2793,1892)
(2795,1891)
(2793,1895)
(2793,1906)
(2791,1912)
(2791,1926)
(2788,1941)
(2789,1945)
(2790,1944)
(2792,1945)
(2795,1951)
(2796,1955)
(2798,1958)
(2799,1958)
(2797,1953)
(2794,1944)
(2793,1939)
(2796,1934)
(2794,1928)
(2797,1927)
(2798,1921)
(2806,1916)
(2809,1916)
(2811,1919)
(2815,1921)
(2816,1920)
(2816,1917)
(2817,1916)
(2820,1919)
(2821,1912)
(2826,1914)
(2828,1911)
(2831,1910)
(2833,1905)
(2835,1905)
(2835,1904)
(2833,1904)
(2831,1908)
(2830,1909)
(2827,1909)
(2825,1912)
(2822,1910)
(2820,1911)
(2819,1913)
(2820,1916)
(2816,1914)
(2815,1918)
(2811,1917)
(2810,1913)
(2808,1912)
(2804,1915)
(2799,1914)
(2798,1912)
(2797,1909)
(2799,1898)
(2798,1895)
(2796,1894)
(2798,1889)
(2799,1889)
(2800,1891)
(2806,1894)
(2809,1897)
(2809,1896)
(2807,1895)
(2806,1892)
(2804,1891)
(2805,1888)
(2808,1887)
(2805,1887)
(2803,1890)
(2797,1885)
(2796,1880)
(2798,1871)
(2797,1864)
(2793,1851)
(2793,1847)
(2790,1845)
(2787,1848)
(2783,1846)
(2781,1843)
(2780,1843)
(2781,1839)
(2779,1841)
(2775,1840)
(2768,1831)
(2765,1830)
(2759,1820)
(2752,1815)
(2749,1808)
(2752,1808)
(2754,1807)
(2751,1806)
(2749,1806)
(2749,1805)
(2748,1804)
(2750,1802)
(2751,1798)
(2748,1798)
(2746,1797)
(2749,1796)
(2748,1795)
(2743,1796)
(2746,1793)
(2744,1788)
(2743,1788)
(2740,1792)
(2739,1789)
(2739,1787)
(2738,1787)
(2737,1784)
(2739,1784)
(2742,1781)
(2747,1782)
(2748,1781)
(2749,1778)
(2747,1779)
(2744,1777)
(2743,1778)
(2741,1776)
(2734,1776)
(2733,1776)
(2732,1780)
(2734,1782)
(2728,1776)
(2726,1779)
(2728,1780)
(2727,1781)
(2728,1782)
(2726,1783)
(2728,1784)
(2725,1785)
(2725,1784)
(2724,1785)
(2719,1786)
(2715,1784)
(2714,1784)
(2713,1783)
(2713,1782)
(2713,1780)
(2717,1780)
(2721,1779)
(2723,1775)
(2726,1765)
(2726,1759)
(2726,1758)
(2726,1753)
(2723,1750)
(2722,1745)
(2719,1741)
(2719,1738)
(2717,1736)
(2719,1728)
(2717,1728)
(2716,1725)
(2714,1728)
(2713,1722)
(2715,1714)
(2719,1701)
(2723,1697)
(2726,1697)
(2727,1693)