3341
(3355,-7800)
(3345,-7810)
(3339,-7807)
(3332,-7809)
(3326,-7804)
(3321,-7803)
(3317,-7799)
(3314,-7804)
(3314,-7806)
(3312,-7806)
(3310,-7809)
(3302,-7814)
(3294,-7822)
(3288,-7835)
(3288,-7836)
(3291,-7834)
(3291,-7835)
(3286,-7841)
(3287,-7844)
(3289,-7841)
(3294,-7844)
(3298,-7844)
(3297,-7845)
(3293,-7845)
(3290,-7844)
(3289,-7845)
(3289,-7847)
(3287,-7847)
(3286,-7849)
(3287,-7854)
(3288,-7855)
(3293,-7856)
(3295,-7858)
(3296,-7856)
(3298,-7856)
(3298,-7858)
(3300,-7860)
(3304,-7858)
(3306,-7850)
(3306,-7849)
(3304,-7848)
(3305,-7843)
(3308,-7841)
(3313,-7833)
(3320,-7828)
(3320,-7829)
(3317,-7833)
(3313,-7836)
(3306,-7845)
(3306,-7847)
(3309,-7849)
(3305,-7855)
(3306,-7861)
(3308,-7864)
(3311,-7864)
(3317,-7855)
(3318,-7837)
(3319,-7840)
(3321,-7839)
(3321,-7841)
(3318,-7843)
(3318,-7852)
(3328,-7853)
(3335,-7852)
(3341,-7854)
(3342,-7853)
(3347,-7857)
(3349,-7855)
(3348,-7859)
(3349,-7861)
(3352,-7863)
(3354,-7867)
(3356,-7868)
(3356,-7869)
(3358,-7870)
(3358,-7872)
(3360,-7870)
(3363,-7863)
(3363,-7865)
(3366,-7861)
(3366,-7864)
(3360,-7873)
(3358,-7879)
(3358,-7883)
(3360,-7885)
(3358,-7889)
(3359,-7890)
(3358,-7891)
(3356,-7897)
(3353,-7905)
(3351,-7915)
(3348,-7905)
(3343,-7909)
(3343,-7912)
(3340,-7909)
(3338,-7910)
(3337,-7913)
(3336,-7913)
(3340,-7920)
(3335,-7916)
(3335,-7917)
(3332,-7915)
(3330,-7918)
(3335,-7931)
(3341,-7932)
(3345,-7936)
(3345,-7934)
(3343,-7930)
(3346,-7930)
(3348,-7930)
(3348,-7923)
(3351,-7925)
(3353,-7922)
(3356,-7924)
(3357,-7922)
(3358,-7917)
(3370,-7918)
(3371,-7912)
(3372,-7912)
(3372,-7906)
(3370,-7896)
(3373,-7889)
(3372,-7898)
(3374,-7914)
(3378,-7918)
(3381,-7918)
(3383,-7924)
(3382,-7926)
(3383,-7929)
(3388,-7931)
(3389,-7935)
(3389,-7937)
(3392,-7941)
(3396,-7940)
(3398,-7939)
(3396,-7946)
(3398,-7953)
(3400,-7951)
(3400,-7947)
(3403,-7951)
(3405,-7948)
(3406,-7948)
(3406,-7945)
(3408,-7944)
(3409,-7942)
(3409,-7944)
(3407,-7946)
(3407,-7949)
(3405,-7950)
(3407,-7959)
(3411,-7966)
(3413,-7967)
(3414,-7972)
(3416,-7971)
(3419,-7975)
(3417,-7967)
(3419,-7966)
(3423,-7969)
(3425,-7967)
(3424,-7971)
(3421,-7973)
(3423,-7977)
(3422,-7978)
(3424,-7984)
(3425,-7989)
(3428,-7989)
(3429,-7987)
(3430,-7989)
(3429,-7991)
(3428,-7991)
(3428,-7993)
(3430,-7993)
(3430,-7995)
(3427,-7995)
(3426,-7998)
(3431,-8013)
(3433,-8009)
(3435,-8010)
(3437,-8008)
(3437,-7994)
(3439,-7990)
(3439,-7985)
(3441,-7982)
(3442,-7983)
(3440,-7987)
(3439,-7993)
(3440,-7998)
(3440,-8003)
(3441,-8006)
(3443,-8007)
(3444,-8001)
(3446,-8000)
(3445,-8006)
(3446,-8008)
(3450,-8011)
(3452,-8010)
(3454,-8006)
(3454,-8000)
(3455,-7999)
(3455,-8006)
(3454,-8012)
(3454,-8015)
(3455,-8017)
(3458,-8020)
(3462,-8018)
(3462,-8013)
(3460,-8010)
(3455,-7991)
(3450,-7983)
(3451,-7980)
(3452,-7985)
(3456,-7990)
(3457,-7989)
(3457,-7993)
(3459,-7996)
(3460,-8000)
(3463,-8004)
(3463,-8008)
(3465,-8012)
(3474,-8013)
(3475,-8012)
(3474,-8004)
(3473,-8000)
(3471,-7987)
(3474,-7991)
(3474,-7997)
(3474,-8000)
(3475,-8004)
(3475,-8013)
(3474,-8016)
(3472,-8015)
(3473,-8018)
(3471,-8018)
(3469,-8017)
(3467,-8019)
(3467,-8022)
(3471,-8025)
(3477,-8031)
(3479,-8027)
(3476,-8022)
(3477,-8021)
(3479,-8022)
(3481,-8020)
(3481,-8024)
(3483,-8026)
(3486,-8022)
(3488,-8023)
(3489,-8020)
(3488,-8025)
(3486,-8024)
(3483,-8028)
(3481,-8028)
(3479,-8033)
(3481,-8039)
(3484,-8041)
(3484,-8043)
(3486,-8044)
(3487,-8042)
(3491,-8045)
(3495,-8043)
(3497,-8044)
(3497,-8041)
(3499,-8039)
(3504,-8041)
(3506,-8037)
(3510,-8035)
(3511,-8033)
(3510,-8028)
(3511,-8026)
(3511,-8034)
(3510,-8039)
(3506,-8039)
(3505,-8044)
(3504,-8043)
(3500,-8044)
(3498,-8049)
(3495,-8046)
(3492,-8049)
(3493,-8055)
(3501,-8071)
(3501,-8078)
(3503,-8079)
(3503,-8086)
(3509,-8087)
(3514,-8093)
(3520,-8099)
(3519,-8095)
(3520,-8095)
(3522,-8096)
(3529,-8097)
(3529,-8100)
(3527,-8100)
(3527,-8102)
(3524,-8101)
(3530,-8109)
(3533,-8108)
(3536,-8110)
(3540,-8110)
(3541,-8112)
(3552,-8117)
(3556,-8122)
(3566,-8119)
(3568,-8120)
(3567,-8122)
(3558,-8124)
(3559,-8133)
(3557,-8127)
(3554,-8126)
(3552,-8121)
(3545,-8118)
(3547,-8123)
(3552,-8125)
(3553,-8129)
(3554,-8133)
(3551,-8128)
(3548,-8127)
(3545,-8123)
(3538,-8123)
(3535,-8121)
(3535,-8119)
(3532,-8120)
(3527,-8114)
(3523,-8115)
(3518,-8110)
(3517,-8113)
(3516,-8113)
(3512,-8110)
(3500,-8103)
(3498,-8103)
(3498,-8105)
(3494,-8105)
(3492,-8109)
(3495,-8120)
(3509,-8129)
(3508,-8131)
(3505,-8128)
(3502,-8128)
(3505,-8138)
(3504,-8142)
(3503,-8155)
(3508,-8152)
(3507,-8157)
(3508,-8155)
(3508,-8151)
(3509,-8152)
(3513,-8150)
(3515,-8153)
(3516,-8149)
(3516,-8152)
(3517,-8154)
(3522,-8156)
(3522,-8159)
(3523,-8158)
(3529,-8164)
(3532,-8156)
(3531,-8155)
(3533,-8145)
(3534,-8148)
(3535,-8158)
(3534,-8156)
(3533,-8157)
(3531,-8162)
(3533,-8163)
(3535,-8162)
(3537,-8166)
(3541,-8166)
(3542,-8169)
(3537,-8168)
(3535,-8173)
(3536,-8166)
(3534,-8167)
(3532,-8166)
(3526,-8168)
(3525,-8170)
(3525,-8175)
(3528,-8183)
(3529,-8176)
(3530,-8188)
(3534,-8190)
(3538,-8189)
(3538,-8192)
(3535,-8194)
(3538,-8198)
(3541,-8202)
(3538,-8200)
(3534,-8196)
(3534,-8197)
(3533,-8199)
(3535,-8202)
(3538,-8211)
(3544,-8223)
(3543,-8224)
(3538,-8215)
(3536,-8214)
(3535,-8215)
(3535,-8222)
(3529,-8228)
(3534,-8219)
(3533,-8211)
(3530,-8208)
(3532,-8207)
(3532,-8204)
(3530,-8199)
(3530,-8194)
(3529,-8192)
(3528,-8189)
(3526,-8191)
(3527,-8192)
(3526,-8192)
(3528,-8195)
(3529,-8198)
(3529,-8199)
(3527,-8195)
(3526,-8196)
(3524,-8191)
(3522,-8191)
(3520,-8186)
(3523,-8190)
(3525,-8189)
(3524,-8188)
(3523,-8183)
(3521,-8180)
(3517,-8188)
(3517,-8191)
(3515,-8189)
(3517,-8184)
(3516,-8180)
(3517,-8180)
(3519,-8180)
(3517,-8177)
(3520,-8178)
(3517,-8171)
(3516,-8172)
(3515,-8171)
(3513,-8167)
(3513,-8169)
(3511,-8170)
(3511,-8173)
(3510,-8170)
(3511,-8168)
(3511,-8165)
(3503,-8162)
(3500,-8165)
(3498,-8175)
(3499,-8177)
(3500,-8177)
(3501,-8176)
(3504,-8179)
(3502,-8181)
(3504,-8187)
(3506,-8190)
(3503,-8189)
(3502,-8191)
(3502,-8193)
(3500,-8189)
(3503,-8188)
(3502,-8183)
(3500,-8181)
(3498,-8182)
(3499,-8186)
(3498,-8189)
(3502,-8196)
(3500,-8199)
(3496,-8193)
(3494,-8195)
(3493,-8199)
(3495,-8203)
(3496,-8202)
(3497,-8200)
(3498,-8201)
(3498,-8204)
(3498,-8205)
(3498,-8207)
(3500,-8206)
(3499,-8209)
(3499,-8211)
(3501,-8210)
(3503,-8212)
(3500,-8214)
(3503,-8216)
(3504,-8220)
(3503,-8225)
(3504,-8227)
(3515,-8253)
(3516,-8257)
(3517,-8257)
(3517,-8254)
(3520,-8246)
(3521,-8249)
(3519,-8255)
(3517,-8259)
(3520,-8261)
(3528,-8276)
(3531,-8275)
(3534,-8278)
(3542,-8292)
(3544,-8298)
(3544,-8297)
(3545,-8305)
(3546,-8305)
(3545,-8303)
(3546,-8304)
(3547,-8316)
(3548,-8316)
(3547,-8310)
(3549,-8310)
(3551,-8306)
(3551,-8307)
(3550,-8319)
(3548,-8318)
(3552,-8325)
(3556,-8337)
(3559,-8352)
(3558,-8347)
(3560,-8350)
(3560,-8354)
(3563,-8353)
(3562,-8357)
(3561,-8357)
(3563,-8366)
(3565,-8370)
(3563,-8363)
(3564,-8359)
(3565,-8363)
(3564,-8367)
(3566,-8371)
(3566,-8374)
(3572,-8391)
(3573,-8390)
(3573,-8384)
(3575,-8381)
(3574,-8378)
(3577,-8374)
(3577,-8375)
(3579,-8375)
(3582,-8368)
(3588,-8375)
(3593,-8377)
(3599,-8369)
(3596,-8362)
(3591,-8358)
(3589,-8360)
(3583,-8360)
(3577,-8356)
(3576,-8359)
(3576,-8360)
(3574,-8357)
(3574,-8355)
(3577,-8353)
(3580,-8356)
(3584,-8356)
(3584,-8358)
(3587,-8355)
(3590,-8357)
(3591,-8348)
(3590,-8340)
(3588,-8338)
(3588,-8334)
(3589,-8337)
(3591,-8341)
(3592,-8354)
(3600,-8364)
(3601,-8369)
(3603,-8370)
(3603,-8372)
(3600,-8375)
(3597,-8375)
(3596,-8381)
(3589,-8390)
(3583,-8414)
(3582,-8423)
(3585,-8452)
(3593,-8487)
(3595,-8487)
(3595,-8484)
(3595,-8486)
(3593,-8486)
(3596,-8477)
(3599,-8476)
(3601,-8476)
(3604,-8478)
(3604,-8477)
(3606,-8482)
(3608,-8483)
(3607,-8489)
(3605,-8487)
(3602,-8483)
(3598,-8497)
(3597,-8503)
(3601,-8516)
(3607,-8563)
(3604,-8590)
(3602,-8620)
(3599,-8633)
(3602,-8641)
(3602,-8655)
(3602,-8640)
(3603,-8640)
(3609,-8652)
(3609,-8655)
(3612,-8651)
(3611,-8655)
(3612,-8662)
(3611,-8662)
(3610,-8666)
(3611,-8669)
(3612,-8668)
(3613,-8670)
(3611,-8673)
(3612,-8678)
(3613,-8681)
(3613,-8678)
(3617,-8682)
(3618,-8687)
(3617,-8688)
(3618,-8690)
(3618,-8693)
(3617,-8694)
(3618,-8696)
(3621,-8693)
(3623,-8695)
(3624,-8694)
(3624,-8690)
(3626,-8691)
(3627,-8688)
(3630,-8687)
(3628,-8691)
(3628,-8693)
(3629,-8693)
(3631,-8690)
(3636,-8688)
(3638,-8685)
(3640,-8686)
(3640,-8678)
(3643,-8677)
(3641,-8685)
(3639,-8687)
(3637,-8691)
(3633,-8694)
(3631,-8701)
(3626,-8706)
(3622,-8714)
(3621,-8718)
(3621,-8723)
(3624,-8729)
(3625,-8730)
(3628,-8739)
(3627,-8753)
(3628,-8756)
(3629,-8754)
(3629,-8752)
(3633,-8744)
(3639,-8737)
(3640,-8738)
(3637,-8751)
(3637,-8753)
(3639,-8748)
(3640,-8753)
(3642,-8751)
(3638,-8757)
(3638,-8760)
(3642,-8755)
(3639,-8765)
(3638,-8772)
(3638,-8775)
(3639,-8776)
(3643,-8765)
(3645,-8763)
(3645,-8761)
(3648,-8762)
(3645,-8767)
(3645,-8771)
(3646,-8770)
(3645,-8774)
(3643,-8776)
(3644,-8779)
(3646,-8777)
(3646,-8778)
(3642,-8785)
(3641,-8789)
(3642,-8790)
(3642,-8799)
(3645,-8801)
(3644,-8798)
(3646,-8796)
(3645,-8794)
(3645,-8789)
(3646,-8792)
(3646,-8786)
(3649,-8772)
(3650,-8775)
(3651,-8772)
(3650,-8765)
(3654,-8774)
(3650,-8778)
(3649,-8784)
(3651,-8784)
(3649,-8789)
(3649,-8793)
(3651,-8794)
(3649,-8797)
(3652,-8797)
(3653,-8798)
(3652,-8800)
(3653,-8802)
(3658,-8805)
(3657,-8803)
(3656,-8801)
(3657,-8795)
(3658,-8802)
(3662,-8800)
(3662,-8794)
(3663,-8798)
(3664,-8798)
(3665,-8796)
(3665,-8774)
(3668,-8778)
(3668,-8785)
(3668,-8796)
(3656,-8818)
(3657,-8822)
(3659,-8819)
(3660,-8819)
(3660,-8821)
(3659,-8821)
(3658,-8823)
(3660,-8822)
(3660,-8827)
(3659,-8829)
(3657,-8829)
(3658,-8832)
(3661,-8832)
(3659,-8835)
(3660,-8836)
(3659,-8837)
(3656,-8835)
(3656,-8839)
(3655,-8838)
(3653,-8842)
(3655,-8843)
(3654,-8847)
(3659,-8843)
(3657,-8847)
(3659,-8847)
(3661,-8846)
(3659,-8849)
(3655,-8850)
(3654,-8852)
(3655,-8853)
(3663,-8852)
(3664,-8849)
(3668,-8852)
(3669,-8851)
(3669,-8854)
(3668,-8855)
(3666,-8853)
(3661,-8856)
(3661,-8860)
(3660,-8857)
(3658,-8858)
(3657,-8856)
(3652,-8856)
(3651,-8859)
(3652,-8861)
(3654,-8860)
(3653,-8864)
(3657,-8862)
(3655,-8867)
(3653,-8866)
(3652,-8869)
(3652,-8866)
(3650,-8865)
(3649,-8867)
(3650,-8871)
(3651,-8874)
(3654,-8876)
(3657,-8883)
(3661,-8877)
(3664,-8875)
(3665,-8876)
(3670,-8867)
(3672,-8862)
(3674,-8862)
(3673,-8866)
(3677,-8863)
(3667,-8877)
(3663,-8880)
(3661,-8883)
(3663,-8887)
(3667,-8889)
(3665,-8892)
(3665,-8896)
(3664,-8898)
(3663,-8904)
(3663,-8901)
(3661,-8903)
(3660,-8907)
(3659,-8906)
(3659,-8904)
(3664,-8895)
(3664,-8889)
(3657,-8895)
(3658,-8900)
(3655,-8896)
(3650,-8899)
(3651,-8904)
(3650,-8900)
(3649,-8900)
(3649,-8904)
(3650,-8907)
(3650,-8916)
(3647,-8922)
(3648,-8914)
(3648,-8913)
(3648,-8907)
(3645,-8918)
(3641,-8922)
(3640,-8920)
(3642,-8916)
(3644,-8915)
(3646,-8911)
(3646,-8902)
(3646,-8903)
(3645,-8901)
(3644,-8904)
(3641,-8904)
(3640,-8907)
(3638,-8905)
(3640,-8901)
(3642,-8901)
(3645,-8897)
(3646,-8894)
(3643,-8895)
(3638,-8892)
(3632,-8900)
(3633,-8901)
(3634,-8901)
(3634,-8905)
(3635,-8906)
(3635,-8909)
(3630,-8919)
(3627,-8921)
(3632,-8907)
(3631,-8902)
(3630,-8903)
(3630,-8900)
(3629,-8901)
(3629,-8896)
(3627,-8896)
(3627,-8894)
(3629,-8893)
(3631,-8894)
(3633,-8891)
(3630,-8891)
(3631,-8889)
(3635,-8888)
(3636,-8885)
(3634,-8882)
(3632,-8884)
(3633,-8881)
(3632,-8880)
(3631,-8878)
(3628,-8880)
(3627,-8879)
(3628,-8876)
(3626,-8877)
(3626,-8880)
(3625,-8879)
(3624,-8883)
(3625,-8885)
(3623,-8885)
(3625,-8891)
(3622,-8887)
(3621,-8888)
(3621,-8892)
(3622,-8893)
(3623,-8894)
(3621,-8896)
(3621,-8893)
(3619,-8893)
(3615,-8899)
(3617,-8902)
(3617,-8903)
(3614,-8901)
(3611,-8906)
(3612,-8900)
(3615,-8893)
(3614,-8891)
(3613,-8896)
(3612,-8891)
(3609,-8892)
(3614,-8888)
(3613,-8886)
(3609,-8889)
(3607,-8896)
(3608,-8898)
(3610,-8897)
(3610,-8899)
(3609,-8900)
(3608,-8902)
(3604,-8903)
(3602,-8906)
(3601,-8904)
(3597,-8906)
(3597,-8908)
(3602,-8912)
(3599,-8912)
(3599,-8914)
(3597,-8913)
(3595,-8919)
(3597,-8920)
(3597,-8928)
(3596,-8932)
(3598,-8936)
(3597,-8941)
(3599,-8941)
(3598,-8944)
(3599,-8947)
(3603,-8942)
(3603,-8948)
(3600,-8952)
(3597,-8953)
(3595,-8955)
(3594,-8954)
(3592,-8956)
(3598,-8958)
(3599,-8960)
(3601,-8958)
(3601,-8961)
(3607,-8962)
(3607,-8965)
(3602,-8966)
(3600,-8963)
(3599,-8966)
(3596,-8968)
(3596,-8972)
(3595,-8973)
(3589,-8978)
(3587,-8975)
(3587,-8972)
(3585,-8973)
(3584,-8971)
(3583,-8972)
(3585,-8978)
(3586,-8976)
(3587,-8979)
(3588,-8978)
(3589,-8980)
(3591,-8979)
(3594,-8979)
(3598,-8983)
(3597,-8984)
(3593,-8984)
(3590,-8986)
(3591,-8990)
(3591,-8992)
(3587,-8986)
(3579,-8985)
(3581,-8988)
(3583,-8989)
(3584,-8992)
(3586,-8995)
(3588,-9002)
(3586,-9002)
(3584,-8998)
(3583,-8995)
(3582,-8996)
(3578,-9001)
(3580,-9003)
(3582,-9008)
(3580,-9006)
(3577,-9006)
(3575,-9005)
(3574,-9009)
(3575,-9011)
(3572,-9011)
(3572,-9015)
(3570,-9015)
(3570,-9017)
(3569,-9018)
(3568,-9023)
(3569,-9021)
(3570,-9023)
(3570,-9020)
(3573,-9021)
(3575,-9017)
(3576,-9018)
(3583,-9013)
(3574,-9024)
(3568,-9028)
(3568,-9030)
(3570,-9030)
(3571,-9033)
(3576,-9030)
(3573,-9039)
(3569,-9034)
(3568,-9038)
(3566,-9036)
(3565,-9039)
(3565,-9043)
(3562,-9047)
(3559,-9055)
(3555,-9053)
(3554,-9058)
(3552,-9057)
(3554,-9060)
(3556,-9060)
(3558,-9063)
(3557,-9064)
(3559,-9075)
(3559,-9076)
(3558,-9076)
(3557,-9071)
(3555,-9066)
(3553,-9067)
(3553,-9078)
(3556,-9084)
(3554,-9091)
(3553,-9088)
(3552,-9089)
(3552,-9096)
(3551,-9097)
(3551,-9094)
(3550,-9095)
(3550,-9103)
(3550,-9105)
(3553,-9105)
(3553,-9111)
(3553,-9114)
(3555,-9113)
(3557,-9119)
(3559,-9119)
(3561,-9116)
(3561,-9109)
(3564,-9114)
(3567,-9106)
(3567,-9103)
(3569,-9101)
(3568,-9088)
(3566,-9084)
(3566,-9082)
(3568,-9083)
(3570,-9087)
(3572,-9087)
(3574,-9081)
(3574,-9076)
(3576,-9075)
(3576,-9070)
(3579,-9072)
(3580,-9068)
(3583,-9066)
(3587,-9060)
(3588,-9062)
(3586,-9067)
(3579,-9087)
(3578,-9088)
(3576,-9085)
(3578,-9089)
(3581,-9105)
(3584,-9111)
(3586,-9113)
(3601,-9103)
(3612,-9086)
(3616,-9083)
(3622,-9083)
(3623,-9078)
(3632,-9076)
(3635,-9080)
(3643,-9085)
(3645,-9078)
(3646,-9075)
(3647,-9063)
(3658,-9040)
(3662,-9024)
(3662,-9020)
(3659,-9018)
(3656,-9014)
(3654,-9003)
(3658,-8990)
(3658,-8983)
(3656,-8978)
(3656,-8971)
(3654,-8965)
(3653,-8950)
(3651,-8942)
(3653,-8943)
(3657,-8950)
(3656,-8960)
(3657,-8963)
(3659,-8970)
(3659,-8977)
(3669,-9004)
(3672,-9002)
(3672,-8997)
(3674,-8994)
(3679,-8990)
(3680,-8987)
(3680,-8984)
(3684,-8981)
(3689,-8956)
(3690,-8955)
(3690,-8965)
(3691,-8965)
(3690,-8972)
(3688,-8982)
(3683,-8993)
(3676,-8996)
(3674,-9000)
(3675,-9010)
(3675,-9016)
(3677,-9018)
(3675,-9020)
(3675,-9029)
(3677,-9033)
(3682,-9032)
(3682,-9034)
(3677,-9035)
(3677,-9038)
(3678,-9039)
(3677,-9040)
(3675,-9043)
(3672,-9053)
(3673,-9057)
(3670,-9064)
(3663,-9070)
(3662,-9077)
(3661,-9081)
(3661,-9090)
(3656,-9100)
(3655,-9105)
(3650,-9108)
(3643,-9103)
(3643,-9107)
(3645,-9111)
(3644,-9112)
(3643,-9115)
(3640,-9123)
(3636,-9126)
(3633,-9134)
(3630,-9139)
(3626,-9140)
(3624,-9135)
(3621,-9143)
(3617,-9145)
(3617,-9150)
(3614,-9154)
(3613,-9157)
(3615,-9161)
(3614,-9165)
(3614,-9171)
(3615,-9170)
(3615,-9167)
(3616,-9170)
(3615,-9173)
(3618,-9173)
(3618,-9175)
(3618,-9182)
(3617,-9186)
(3616,-9186)
(3617,-9183)
(3617,-9177)
(3614,-9175)
(3610,-9161)
(3608,-9161)
(3605,-9155)
(3603,-9155)
(3598,-9161)
(3595,-9162)
(3593,-9170)
(3593,-9184)
(3592,-9194)
(3589,-9197)
(3590,-9192)
(3589,-9188)
(3590,-9183)
(3590,-9180)
(3589,-9180)
(3588,-9180)
(3582,-9183)
(3581,-9188)
(3579,-9192)
(3579,-9195)
(3581,-9197)
(3580,-9199)
(3578,-9199)
(3579,-9206)
(3580,-9203)
(3583,-9202)
(3583,-9199)
(3585,-9205)
(3587,-9207)
(3583,-9206)
(3579,-9209)
(3578,-9213)
(3579,-9214)
(3581,-9216)
(3582,-9215)
(3581,-9218)
(3579,-9218)
(3578,-9222)
(3578,-9218)
(3576,-9214)
(3573,-9215)
(3573,-9223)
(3572,-9227)
(3573,-9229)
(3573,-9232)
(3571,-9226)
(3568,-9223)
(3566,-9224)
(3565,-9228)
(3566,-9233)
(3563,-9237)
(3564,-9239)
(3563,-9241)
(3563,-9249)
(3561,-9245)
(3562,-9239)
(3562,-9237)
(3558,-9247)
(3555,-9249)
(3552,-9248)
(3552,-9251)
(3550,-9251)
(3550,-9254)
(3549,-9253)
(3549,-9256)
(3547,-9255)
(3547,-9250)
(3544,-9252)
(3542,-9251)
(3542,-9248)
(3545,-9242)
(3543,-9232)
(3544,-9229)
(3544,-9226)
(3544,-9223)
(3540,-9215)
(3539,-9213)
(3540,-9208)
(3539,-9208)
(3539,-9205)
(3536,-9202)
(3536,-9200)
(3534,-9200)
(3533,-9197)
(3532,-9202)
(3532,-9195)
(3530,-9197)
(3531,-9200)
(3531,-9202)
(3523,-9207)
(3521,-9214)
(3518,-9216)
(3517,-9226)
(3517,-9234)
(3516,-9235)
(3515,-9233)
(3512,-9236)
(3512,-9238)
(3511,-9235)
(3510,-9236)
(3509,-9238)
(3509,-9246)
(3504,-9244)
(3504,-9240)
(3503,-9240)
(3501,-9244)
(3501,-9252)
(3500,-9251)
(3499,-9257)
(3497,-9262)
(3495,-9261)
(3496,-9256)
(3498,-9256)
(3498,-9253)
(3499,-9251)
(3497,-9247)
(3496,-9249)
(3495,-9255)
(3495,-9251)
(3493,-9249)
(3491,-9252)
(3491,-9258)
(3488,-9253)
(3488,-9256)
(3488,-9258)
(3489,-9260)
(3488,-9261)
(3485,-9260)
(3485,-9262)
(3489,-9267)
(3491,-9267)
(3492,-9269)
(3485,-9268)
(3487,-9275)
(3486,-9276)
(3485,-9273)
(3484,-9272)
(3481,-9275)
(3482,-9278)
(3484,-9280)
(3483,-9283)
(3481,-9284)
(3480,-9287)
(3482,-9293)
(3481,-9302)
(3477,-9303)
(3477,-9307)
(3473,-9304)
(3472,-9311)
(3472,-9312)
(3473,-9315)
(3470,-9313)
(3470,-9316)
(3470,-9320)
(3468,-9318)
(3468,-9321)
(3465,-9318)
(3464,-9318)
(3463,-9323)
(3464,-9325)
(3468,-9335)
(3467,-9337)
(3464,-9338)
(3463,-9338)
(3461,-9335)
(3460,-9335)
(3458,-9343)
(3459,-9346)
(3457,-9344)
(3453,-9344)
(3453,-9348)
(3455,-9349)
(3453,-9352)
(3453,-9354)
(3452,-9355)
(3454,-9361)
(3454,-9362)
(3452,-9361)
(3452,-9366)
(3451,-9366)
(3451,-9362)
(3446,-9362)
(3446,-9367)
(3449,-9371)
(3446,-9374)
(3446,-9376)
(3444,-9381)
(3440,-9388)
(3439,-9393)
(3436,-9393)
(3439,-9382)
(3437,-9380)
(3435,-9381)
(3433,-9387)
(3433,-9385)
(3431,-9381)
(3429,-9382)
(3427,-9388)
(3426,-9389)
(3425,-9387)
(3426,-9389)
(3425,-9390)
(3423,-9390)
(3423,-9395)
(3424,-9398)
(3423,-9397)
(3423,-9399)
(3419,-9393)
(3420,-9401)
(3422,-9403)
(3423,-9406)
(3422,-9408)
(3420,-9406)
(3418,-9407)
(3415,-9408)
(3414,-9410)
(3417,-9413)
(3418,-9418)
(3414,-9417)
(3414,-9421)
(3409,-9425)
(3411,-9431)
(3409,-9429)
(3407,-9429)
(3406,-9432)
(3408,-9438)
(3411,-9442)
(3411,-9446)
(3409,-9448)
(3408,-9445)
(3406,-9444)
(3406,-9447)
(3405,-9448)
(3406,-9450)
(3403,-9454)
(3403,-9456)
(3401,-9453)
(3400,-9449)
(3398,-9447)
(3397,-9448)
(3396,-9460)
(3397,-9462)
(3400,-9465)
(3401,-9467)
(3399,-9471)
(3399,-9475)
(3397,-9477)
(3396,-9479)
(3396,-9481)
(3394,-9483)
(3394,-9487)
(3392,-9487)
(3394,-9475)
(3393,-9471)
(3391,-9470)
(3388,-9473)
(3391,-9488)
(3390,-9490)
(3389,-9489)
(3389,-9487)
(3388,-9488)
(3388,-9496)
(3389,-9500)
(3388,-9502)
(3387,-9505)
(3384,-9508)
(3382,-9511)
(3381,-9510)
(3379,-9516)
(3377,-9519)
(3376,-9519)
(3375,-9513)
(3376,-9513)
(3378,-9514)
(3380,-9507)
(3378,-9506)
(3379,-9504)
(3378,-9504)
(3379,-9500)
(3378,-9498)
(3378,-9494)
(3377,-9492)
(3376,-9493)
(3374,-9501)
(3374,-9504)
(3372,-9505)
(3373,-9502)
(3372,-9499)
(3370,-9500)
(3374,-9491)
(3374,-9487)
(3373,-9490)
(3371,-9492)
(3371,-9496)
(3370,-9496)
(3369,-9501)
(3367,-9501)
(3368,-9503)
(3370,-9503)
(3370,-9505)
(3368,-9505)
(3368,-9506)
(3365,-9504)
(3364,-9505)
(3366,-9507)
(3366,-9510)
(3364,-9508)
(3363,-9509)
(3362,-9508)
(3363,-9508)
(3362,-9505)
(3360,-9506)
(3362,-9510)
(3362,-9511)
(3359,-9510)
(3361,-9514)
(3363,-9511)
(3362,-9515)
(3363,-9516)
(3364,-9514)
(3366,-9516)
(3367,-9513)
(3368,-9513)
(3369,-9511)
(3370,-9510)
(3370,-9508)
(3372,-9510)
(3371,-9518)
(3370,-9514)
(3367,-9519)
(3367,-9520)
(3369,-9520)
(3369,-9522)
(3366,-9522)
(3366,-9520)
(3364,-9520)
(3362,-9524)
(3361,-9519)
(3359,-9519)
(3359,-9521)
(3358,-9520)
(3357,-9521)
(3357,-9525)
(3358,-9524)
(3360,-9524)
(3361,-9526)
(3359,-9528)
(3361,-9530)
(3360,-9532)
(3355,-9536)
(3356,-9538)
(3355,-9541)
(3353,-9541)
(3355,-9545)
(3354,-9550)
(3353,-9551)
(3353,-9555)
(3351,-9559)
(3353,-9561)
(3351,-9564)
(3348,-9565)
(3347,-9566)
(3350,-9569)
(3354,-9568)
(3353,-9573)
(3352,-9573)
(3351,-9572)
(3346,-9570)
(3343,-9573)
(3339,-9573)
(3337,-9577)
(3334,-9577)
(3334,-9584)
(3336,-9582)
(3336,-9585)
(3337,-9581)
(3336,-9579)
(3338,-9577)
(3340,-9582)
(3342,-9578)
(3344,-9581)
(3349,-9577)
(3351,-9584)
(3351,-9591)
(3347,-9591)
(3347,-9592)
(3347,-9595)
(3349,-9598)
(3347,-9598)
(3347,-9602)
(3346,-9603)
(3343,-9601)
(3343,-9606)
(3342,-9604)
(3342,-9607)
(3344,-9609)
(3340,-9608)
(3340,-9609)
(3339,-9615)
(3338,-9617)
(3339,-9626)
(3338,-9626)
(3336,-9622)
(3334,-9627)
(3330,-9628)
(3329,-9631)
(3329,-9633)
(3333,-9635)
(3336,-9636)
(3333,-9640)
(3332,-9646)
(3331,-9645)
(3331,-9640)
(3327,-9641)
(3327,-9647)
(3327,-9649)
(3328,-9651)
(3331,-9650)
(3331,-9653)
(3330,-9657)
(3328,-9659)
(3326,-9662)
(3321,-9675)
(3321,-9679)
(3323,-9681)
(3322,-9690)
(3329,-9689)
(3335,-9682)
(3332,-9677)
(3332,-9668)
(3333,-9675)
(3335,-9678)
(3338,-9685)
(3337,-9694)
(3336,-9697)
(3335,-9697)
(3331,-9703)
(3329,-9701)
(3326,-9703)
(3324,-9702)
(3316,-9712)
(3313,-9714)
(3313,-9717)
(3313,-9715)
(3314,-9716)
(3314,-9723)
(3311,-9721)
(3310,-9722)
(3309,-9719)
(3307,-9717)
(3306,-9718)
(3304,-9724)
(3306,-9728)
(3310,-9726)
(3309,-9730)
(3306,-9733)
(3303,-9732)
(3301,-9736)
(3304,-9739)
(3302,-9741)
(3302,-9747)
(3306,-9752)
(3307,-9749)
(3305,-9745)
(3306,-9742)
(3310,-9749)
(3315,-9752)
(3316,-9756)
(3317,-9753)
(3318,-9754)
(3318,-9757)
(3317,-9761)
(3313,-9763)
(3310,-9756)
(3308,-9756)
(3308,-9758)
(3304,-9759)
(3305,-9757)
(3304,-9757)
(3297,-9754)
(3300,-9759)
(3301,-9757)
(3303,-9759)
(3296,-9765)
(3296,-9772)
(3297,-9774)
(3297,-9775)
(3300,-9779)
(3300,-9775)
(3301,-9775)
(3302,-9778)
(3305,-9781)
(3306,-9786)
(3306,-9790)
(3307,-9787)
(3308,-9790)
(3307,-9792)
(3305,-9791)
(3306,-9794)
(3304,-9794)
(3304,-9792)
(3302,-9793)
(3301,-9792)
(3298,-9784)
(3297,-9783)
(3294,-9788)
(3290,-9794)
(3290,-9797)
(3288,-9800)
(3289,-9802)
(3291,-9803)
(3293,-9800)
(3294,-9799)
(3295,-9796)
(3295,-9798)
(3295,-9801)
(3297,-9800)
(3297,-9795)
(3297,-9794)
(3300,-9797)
(3307,-9799)
(3311,-9787)
(3315,-9781)
(3314,-9780)
(3312,-9783)
(3310,-9784)
(3311,-9773)
(3314,-9770)
(3315,-9772)
(3314,-9773)
(3316,-9773)
(3316,-9770)
(3318,-9767)
(3319,-9763)
(3323,-9758)
(3321,-9758)
(3321,-9753)
(3322,-9749)
(3327,-9750)
(3326,-9756)
(3324,-9757)
(3326,-9756)
(3328,-9752)
(3341,-9735)
(3343,-9728)
(3346,-9725)
(3348,-9718)
(3353,-9708)
(3354,-9701)
(3361,-9669)
(3357,-9682)
(3357,-9674)
(3357,-9667)
(3356,-9664)
(3357,-9661)
(3360,-9653)
(3358,-9652)
(3357,-9652)
(3356,-9652)
(3356,-9656)
(3356,-9659)
(3354,-9661)
(3352,-9660)
(3353,-9656)
(3349,-9657)
(3343,-9648)
(3345,-9647)
(3344,-9643)
(3342,-9641)
(3344,-9640)
(3347,-9645)
(3353,-9648)
(3351,-9640)
(3352,-9630)
(3350,-9628)
(3348,-9628)
(3349,-9625)
(3347,-9622)
(3346,-9615)
(3349,-9619)
(3350,-9614)
(3351,-9614)
(3354,-9627)
(3356,-9631)
(3356,-9634)
(3359,-9632)
(3359,-9633)
(3359,-9634)
(3360,-9634)
(3366,-9628)
(3370,-9627)
(3377,-9621)
(3380,-9615)
(3384,-9609)
(3388,-9598)
(3392,-9590)
(3399,-9569)
(3396,-9573)
(3398,-9565)
(3401,-9558)
(3401,-9553)
(3402,-9556)
(3404,-9554)
(3408,-9542)
(3414,-9532)
(3409,-9541)
(3408,-9542)
(3407,-9539)
(3408,-9539)
(3410,-9537)
(3407,-9532)
(3407,-9526)
(3407,-9521)
(3406,-9518)
(3410,-9519)
(3413,-9522)
(3420,-9521)
(3425,-9517)
(3439,-9497)
(3442,-9490)
(3442,-9483)
(3443,-9486)
(3449,-9477)
(3454,-9464)
(3454,-9461)
(3453,-9462)
(3451,-9459)
(3448,-9459)
(3449,-9458)
(3449,-9451)
(3448,-9451)
(3448,-9449)
(3450,-9444)
(3452,-9445)
(3454,-9444)
(3453,-9447)
(3450,-9445)
(3450,-9451)
(3449,-9454)
(3450,-9456)
(3457,-9456)
(3458,-9458)
(3457,-9458)
(3457,-9462)
(3459,-9462)
(3464,-9463)
(3472,-9458)
(3485,-9457)
(3490,-9452)
(3490,-9445)
(3492,-9444)
(3492,-9432)
(3490,-9428)
(3492,-9430)
(3493,-9438)
(3494,-9440)
(3493,-9448)
(3496,-9452)
(3497,-9452)
(3498,-9454)
(3503,-9453)
(3510,-9448)
(3513,-9441)
(3518,-9433)
(3522,-9426)
(3523,-9421)
(3524,-9416)
(3523,-9423)
(3524,-9424)
(3526,-9424)
(3530,-9420)
(3532,-9422)
(3534,-9419)
(3536,-9419)
(3540,-9411)
(3545,-9411)
(3549,-9407)
(3546,-9412)
(3541,-9413)
(3539,-9415)
(3538,-9422)
(3534,-9423)
(3532,-9427)
(3530,-9441)
(3518,-9483)
(3516,-9491)
(3519,-9499)
(3523,-9501)
(3525,-9503)
(3528,-9514)
(3530,-9514)
(3531,-9511)
(3532,-9511)
(3537,-9510)
(3538,-9505)
(3540,-9507)
(3539,-9508)
(3540,-9510)
(3542,-9502)
(3540,-9488)
(3537,-9484)
(3535,-9485)
(3532,-9482)
(3534,-9480)
(3535,-9483)
(3537,-9482)
(3542,-9488)
(3545,-9505)
(3550,-9512)
(3548,-9513)
(3544,-9507)
(3542,-9512)
(3535,-9517)
(3532,-9524)
(3533,-9525)
(3536,-9524)
(3536,-9526)
(3538,-9527)
(3538,-9524)
(3540,-9525)
(3538,-9529)
(3535,-9526)
(3529,-9528)
(3526,-9527)
(3524,-9531)
(3524,-9533)
(3526,-9533)
(3527,-9529)
(3528,-9529)
(3528,-9533)
(3527,-9531)
(3526,-9535)
(3523,-9534)
(3514,-9528)
(3514,-9527)
(3510,-9526)
(3510,-9522)
(3506,-9526)
(3505,-9529)
(3505,-9528)
(3504,-9533)
(3506,-9544)
(3507,-9542)
(3507,-9545)
(3509,-9545)
(3509,-9547)
(3523,-9561)
(3528,-9567)
(3531,-9573)
(3530,-9579)
(3534,-9576)
(3537,-9578)
(3536,-9586)
(3535,-9585)
(3533,-9587)
(3531,-9586)
(3531,-9589)
(3528,-9589)
(3526,-9595)
(3533,-9601)
(3533,-9605)
(3532,-9606)
(3532,-9609)
(3533,-9609)
(3535,-9610)
(3534,-9615)
(3535,-9615)
(3537,-9616)
(3536,-9617)
(3537,-9619)
(3539,-9618)
(3539,-9615)
(3544,-9620)
(3543,-9624)
(3535,-9644)
(3529,-9650)
(3532,-9650)
(3533,-9653)
(3532,-9658)
(3528,-9671)
(3528,-9676)
(3529,-9676)
(3529,-9678)
(3528,-9679)
(3527,-9677)
(3527,-9673)
(3526,-9677)
(3523,-9682)
(3520,-9683)
(3521,-9679)
(3518,-9692)
(3516,-9695)
(3516,-9697)
(3514,-9702)
(3513,-9706)
(3516,-9703)
(3517,-9703)
(3519,-9705)
(3517,-9706)
(3515,-9705)
(3517,-9707)
(3518,-9709)
(3518,-9726)
(3519,-9730)
(3520,-9724)
(3521,-9723)
(3521,-9720)
(3520,-9717)
(3519,-9716)
(3519,-9713)
(3521,-9710)
(3523,-9711)
(3525,-9708)
(3526,-9702)
(3528,-9699)
(3529,-9702)
(3528,-9705)
(3527,-9706)
(3528,-9706)
(3532,-9708)
(3538,-9707)
(3542,-9711)
(3543,-9709)
(3541,-9709)
(3542,-9703)
(3546,-9694)
(3547,-9697)
(3548,-9697)
(3547,-9702)
(3546,-9713)
(3545,-9713)
(3544,-9711)
(3544,-9713)
(3546,-9717)
(3549,-9720)
(3556,-9723)
(3558,-9720)
(3556,-9723)
(3554,-9721)
(3555,-9719)
(3557,-9718)
(3563,-9717)
(3563,-9714)
(3565,-9712)
(3565,-9711)
(3568,-9708)
(3568,-9704)
(3570,-9702)
(3577,-9712)
(3582,-9713)
(3589,-9720)
(3593,-9725)
(3597,-9726)
(3600,-9731)
(3604,-9734)
(3609,-9732)
(3612,-9735)
(3612,-9730)
(3615,-9729)
(3614,-9732)
(3613,-9731)
(3613,-9733)
(3613,-9736)
(3614,-9737)
(3613,-9738)
(3612,-9737)
(3611,-9738)
(3610,-9736)
(3608,-9739)
(3611,-9742)
(3613,-9740)
(3618,-9748)
(3620,-9743)
(3628,-9738)
(3631,-9733)
(3635,-9733)
(3638,-9725)
(3639,-9718)
(3639,-9716)
(3641,-9718)
(3642,-9713)
(3642,-9717)
(3639,-9725)
(3642,-9726)
(3644,-9730)
(3644,-9731)
(3643,-9730)
(3641,-9727)
(3639,-9727)
(3637,-9736)
(3632,-9738)
(3628,-9742)
(3626,-9743)
(3626,-9746)
(3623,-9745)
(3622,-9747)
(3623,-9747)
(3623,-9750)
(3621,-9750)
(3620,-9756)
(3619,-9754)
(3618,-9756)
(3617,-9753)
(3615,-9753)
(3616,-9762)
(3613,-9750)
(3611,-9747)
(3607,-9750)
(3603,-9748)
(3600,-9751)
(3599,-9757)
(3600,-9765)
(3598,-9764)
(3597,-9767)
(3591,-9788)
(3589,-9802)
(3588,-9820)
(3589,-9840)
(3591,-9849)
(3597,-9853)
(3598,-9852)
(3598,-9846)
(3599,-9846)
(3599,-9848)
(3600,-9847)
(3600,-9849)
(3605,-9865)
(3609,-9869)
(3611,-9869)
(3616,-9880)
(3617,-9879)
(3618,-9881)
(3620,-9879)
(3617,-9885)
(3620,-9897)
(3622,-9902)
(3626,-9909)
(3628,-9902)
(3630,-9900)
(3631,-9898)
(3633,-9899)
(3633,-9904)
(3630,-9912)
(3631,-9923)
(3633,-9926)
(3635,-9923)
(3635,-9917)
(3637,-9915)
(3638,-9911)
(3639,-9909)
(3643,-9899)
(3647,-9902)
(3650,-9893)
(3652,-9893)
(3654,-9897)
(3655,-9897)
(3656,-9896)
(3652,-9890)
(3654,-9884)
(3655,-9879)
(3654,-9878)
(3651,-9882)
(3649,-9879)
(3649,-9868)
(3648,-9865)
(3647,-9856)
(3644,-9856)
(3644,-9853)
(3641,-9853)
(3639,-9859)
(3637,-9860)
(3637,-9863)
(3634,-9866)
(3633,-9866)
(3634,-9863)
(3639,-9856)
(3640,-9848)
(3643,-9846)
(3646,-9842)
(3647,-9837)
(3646,-9832)
(3645,-9828)
(3641,-9830)
(3640,-9828)
(3638,-9830)
(3635,-9828)
(3635,-9820)
(3638,-9812)
(3641,-9806)
(3643,-9806)
(3645,-9808)
(3645,-9805)
(3646,-9805)
(3648,-9812)
(3651,-9824)
(3651,-9836)
(3653,-9827)
(3652,-9824)
(3652,-9820)
(3653,-9813)
(3654,-9813)
(3656,-9825)
(3657,-9825)
(3658,-9821)
(3660,-9821)
(3659,-9825)
(3658,-9828)
(3657,-9828)
(3655,-9833)
(3651,-9837)
(3652,-9851)
(3651,-9857)
(3652,-9864)
(3651,-9874)
(3652,-9876)
(3654,-9875)
(3655,-9877)
(3656,-9883)
(3655,-9885)
(3654,-9888)
(3655,-9890)
(3657,-9891)
(3657,-9894)
(3657,-9898)
(3654,-9904)
(3656,-9909)
(3658,-9912)
(3660,-9909)
(3661,-9898)
(3661,-9897)
(3665,-9896)
(3664,-9892)
(3665,-9891)
(3667,-9886)
(3667,-9900)
(3664,-9900)
(3663,-9902)
(3665,-9907)
(3666,-9907)
(3667,-9910)
(3668,-9911)
(3669,-9907)
(3671,-9907)
(3673,-9904)
(3675,-9908)
(3674,-9907)
(3673,-9905)
(3672,-9909)
(3669,-9909)
(3669,-9915)
(3672,-9922)
(3675,-9918)
(3676,-9912)
(3679,-9912)
(3680,-9915)
(3682,-9909)
(3684,-9911)
(3685,-9909)
(3686,-9902)
(3689,-9899)
(3690,-9891)
(3691,-9890)
(3693,-9885)
(3695,-9885)
(3696,-9882)
(3698,-9883)
(3697,-9886)
(3696,-9885)
(3695,-9888)
(3691,-9893)
(3690,-9901)
(3688,-9901)
(3688,-9905)
(3686,-9905)
(3686,-9910)
(3684,-9912)
(3682,-9912)
(3680,-9917)
(3679,-9916)
(3679,-9913)
(3677,-9914)
(3676,-9913)
(3676,-9918)
(3672,-9924)
(3669,-9920)
(3668,-9922)
(3665,-9921)
(3664,-9923)
(3665,-9931)
(3667,-9936)
(3674,-9939)
(3675,-9936)
(3676,-9938)
(3677,-9937)
(3678,-9944)
(3678,-9950)
(3680,-9952)
(3684,-9955)
(3686,-9953)
(3687,-9947)
(3689,-9946)
(3692,-9949)
(3693,-9954)
(3692,-9965)
(3691,-9965)
(3690,-9963)
(3689,-9966)
(3692,-9969)
(3695,-9972)
(3703,-9969)
(3698,-9968)
(3701,-9946)
(3701,-9951)
(3704,-9960)
(3709,-9966)
(3710,-9959)
(3709,-9956)
(3710,-9949)
(3709,-9948)
(3711,-9945)
(3711,-9935)
(3715,-9942)
(3720,-9945)
(3727,-9942)
(3731,-9934)
(3741,-9922)
(3742,-9920)
(3746,-9916)
(3751,-9908)
(3752,-9902)
(3752,-9892)
(3751,-9892)
(3748,-9891)
(3748,-9885)
(3746,-9881)
(3746,-9876)
(3746,-9879)
(3742,-9885)
(3743,-9882)
(3745,-9878)
(3746,-9874)
(3747,-9875)
(3748,-9881)
(3751,-9878)
(3750,-9880)
(3749,-9882)
(3750,-9885)
(3749,-9890)
(3752,-9887)
(3754,-9891)
(3758,-9879)
(3765,-9869)
(3765,-9871)
(3758,-9884)
(3757,-9888)
(3765,-9892)
(3767,-9892)
(3768,-9886)
(3769,-9891)
(3770,-9893)
(3776,-9889)
(3781,-9881)
(3782,-9874)
(3781,-9870)
(3781,-9868)
(3782,-9867)
(3781,-9863)
(3780,-9859)
(3783,-9860)
(3784,-9862)
(3785,-9871)
(3788,-9875)
(3793,-9865)
(3796,-9849)
(3795,-9839)
(3793,-9830)
(3793,-9823)
(3789,-9818)
(3787,-9820)
(3787,-9817)
(3788,-9815)
(3787,-9812)
(3786,-9817)
(3783,-9820)
(3781,-9828)
(3779,-9828)
(3781,-9825)
(3783,-9817)
(3786,-9812)
(3786,-9806)
(3781,-9800)
(3782,-9798)
(3784,-9784)
(3789,-9771)
(3792,-9769)
(3794,-9761)
(3800,-9750)
(3805,-9745)
(3809,-9736)
(3812,-9739)
(3811,-9725)
(3809,-9721)
(3806,-9730)
(3806,-9729)
(3807,-9722)
(3806,-9719)
(3807,-9718)
(3807,-9709)
(3808,-9700)
(3807,-9694)
(3808,-9689)
(3807,-9687)
(3809,-9676)
(3811,-9669)
(3817,-9661)
(3818,-9658)
(3824,-9648)
(3827,-9646)
(3832,-9647)
(3844,-9656)
(3853,-9657)
(3862,-9672)
(3863,-9671)
(3864,-9675)
(3865,-9671)
(3865,-9681)
(3866,-9685)
(3865,-9690)
(3863,-9692)
(3865,-9692)
(3867,-9688)
(3870,-9688)
(3872,-9684)
(3870,-9667)
(3871,-9661)
(3871,-9660)
(3872,-9662)
(3872,-9665)
(3873,-9665)
(3873,-9658)
(3877,-9649)
(3883,-9647)
(3889,-9653)
(3892,-9663)
(3895,-9669)
(3895,-9664)
(3895,-9662)
(3896,-9659)
(3896,-9663)
(3895,-9665)
(3896,-9672)
(3894,-9673)
(3892,-9679)
(3887,-9682)
(3885,-9693)
(3886,-9694)
(3887,-9700)
(3889,-9703)
(3889,-9708)
(3887,-9703)
(3886,-9710)
(3884,-9716)
(3883,-9716)
(3885,-9708)
(3883,-9713)
(3882,-9721)
(3883,-9727)
(3882,-9724)
(3881,-9731)
(3877,-9735)
(3871,-9755)
(3869,-9757)
(3863,-9758)
(3862,-9763)
(3860,-9767)
(3865,-9769)
(3867,-9772)
(3869,-9772)
(3870,-9770)
(3873,-9777)
(3873,-9783)
(3875,-9782)
(3877,-9788)
(3879,-9789)
(3879,-9793)
(3876,-9803)
(3873,-9797)
(3873,-9792)
(3871,-9789)
(3871,-9782)
(3869,-9783)
(3868,-9787)
(3865,-9788)
(3864,-9791)
(3869,-9797)
(3870,-9801)
(3873,-9809)
(3875,-9829)
(3874,-9840)
(3875,-9854)
(3874,-9863)
(3875,-9856)
(3875,-9861)
(3869,-9884)
(3871,-9880)
(3871,-9889)
(3869,-9893)
(3872,-9896)
(3871,-9896)
(3870,-9898)
(3868,-9894)
(3867,-9895)
(3868,-9886)
(3867,-9892)
(3867,-9901)
(3871,-9929)
(3874,-9967)
(3878,-9981)
(3882,-9987)
(3884,-9989)
(3887,-9989)
(3889,-9987)
(3889,-9983)
(3890,-9983)
(3890,-9985)
(3893,-9983)
(3895,-9985)
(3897,-9991)
(3896,-9991)
(3894,-9986)
(3897,-9992)
(3900,-10002)
(3903,-10003)
(3905,-10010)
(3908,-10015)
(3911,-10018)
(3914,-10017)
(3917,-10013)
(3916,-10011)
(3912,-10016)
(3909,-10015)
(3907,-10005)
(3908,-9993)
(3911,-9988)
(3914,-9989)
(3916,-9982)
(3914,-9967)
(3914,-9963)
(3915,-9964)
(3918,-9972)
(3919,-9979)
(3918,-9982)
(3918,-9983)
(3922,-9998)
(3923,-10016)
(3921,-10010)
(3920,-9999)
(3921,-10010)
(3923,-10024)
(3925,-10047)
(3927,-10056)
(3931,-10062)
(3934,-10075)
(3935,-10084)
(3939,-10088)
(3942,-10085)
(3945,-10074)
(3946,-10071)
(3944,-10072)
(3941,-10082)
(3939,-10084)
(3938,-10082)
(3941,-10071)
(3943,-10069)
(3943,-10056)
(3944,-10051)
(3946,-10050)
(3946,-10053)
(3948,-10054)
(3948,-10047)
(3950,-10051)
(3954,-10037)
(3951,-10031)
(3953,-10023)
(3956,-10012)
(3958,-10018)
(3961,-10010)
(3959,-10012)
(3959,-10008)
(3960,-10009)
(3964,-10002)
(3971,-9976)
(3970,-9968)
(3969,-9965)
(3968,-9969)
(3967,-9965)
(3967,-9953)
(3966,-9948)
(3966,-9943)
(3969,-9933)
(3969,-9930)
(3970,-9931)
(3973,-9943)
(3973,-9953)
(3975,-9952)
(3979,-9946)
(3984,-9927)
(3987,-9910)
(3986,-9905)
(3984,-9902)
(3988,-9897)
(3991,-9884)
(3993,-9883)
(3996,-9857)
(3996,-9836)
(3996,-9825)
(3994,-9817)
(3995,-9831)
(3994,-9836)
(3994,-9827)
(3991,-9825)
(3989,-9826)
(3986,-9831)
(3984,-9834)
(3977,-9831)
(3974,-9837)
(3973,-9845)
(3972,-9846)
(3972,-9851)
(3971,-9851)
(3972,-9839)
(3971,-9839)
(3971,-9837)
(3973,-9836)
(3971,-9834)
(3967,-9830)
(3964,-9819)
(3965,-9810)
(3965,-9802)
(3964,-9795)
(3964,-9786)
(3966,-9777)
(3966,-9765)
(3964,-9761)
(3960,-9760)
(3962,-9759)
(3964,-9749)
(3962,-9742)
(3965,-9730)
(3964,-9722)
(3962,-9715)
(3961,-9718)
(3961,-9714)
(3959,-9715)
(3959,-9708)
(3959,-9707)
(3960,-9710)
(3961,-9710)
(3963,-9707)
(3964,-9704)
(3965,-9704)
(3965,-9707)
(3969,-9700)
(3975,-9694)
(3976,-9689)
(3976,-9681)
(3975,-9682)
(3974,-9680)
(3973,-9676)
(3974,-9665)
(3968,-9666)
(3968,-9671)
(3967,-9669)
(3968,-9663)
(3972,-9660)
(3975,-9660)
(3980,-9668)
(3984,-9693)
(3984,-9704)
(3983,-9708)
(3982,-9715)
(3979,-9715)
(3979,-9713)
(3977,-9711)
(3976,-9715)
(3980,-9718)
(3986,-9712)
(3990,-9712)
(3992,-9714)
(3997,-9725)
(4003,-9733)
(4004,-9750)
(4008,-9752)
(4012,-9758)
(4014,-9758)
(4015,-9751)
(4017,-9749)
(4015,-9745)
(4017,-9740)
(4017,-9739)
(4009,-9728)
(4007,-9721)
(4002,-9724)
(3999,-9725)
(3992,-9713)
(3987,-9696)
(3989,-9681)
(3992,-9672)
(3990,-9669)
(3989,-9665)
(3986,-9659)
(3982,-9647)
(3982,-9633)
(3983,-9630)
(3984,-9614)
(3991,-9613)
(3996,-9619)
(3998,-9619)
(3999,-9615)
(3999,-9621)
(3997,-9622)
(3998,-9629)
(3995,-9633)
(3996,-9642)
(3999,-9647)
(4000,-9651)
(3999,-9670)
(3993,-9676)
(3992,-9690)
(3994,-9694)
(3995,-9693)
(3997,-9702)
(4004,-9714)
(4006,-9712)
(4008,-9713)
(4010,-9708)
(4014,-9708)
(4015,-9703)
(4017,-9704)
(4018,-9699)
(4017,-9690)
(4019,-9690)
(4021,-9701)
(4020,-9703)
(4023,-9711)
(4022,-9726)
(4020,-9734)
(4023,-9735)
(4024,-9738)
(4020,-9738)
(4019,-9747)
(4021,-9748)
(4029,-9740)
(4030,-9741)
(4029,-9746)
(4028,-9742)
(4021,-9753)
(4021,-9759)
(4023,-9765)
(4022,-9770)
(4023,-9777)
(4022,-9777)
(4020,-9771)
(4020,-9773)
(4023,-9789)
(4027,-9824)
(4028,-9826)
(4042,-9830)
(4051,-9839)
(4057,-9847)
(4063,-9869)
(4065,-9870)
(4066,-9876)
(4070,-9882)
(4070,-9886)
(4068,-9883)
(4082,-9922)
(4085,-9935)
(4086,-9949)
(4088,-9955)
(4093,-9964)
(4098,-9977)
(4099,-9986)
(4101,-10010)
(4105,-9987)
(4102,-10005)
(4101,-9997)
(4102,-9992)
(4104,-9987)
(4103,-9983)
(4105,-9985)
(4104,-9979)
(4106,-9982)
(4108,-9979)
(4111,-9978)
(4114,-9974)
(4125,-9971)
(4132,-9974)
(4133,-9973)
(4131,-9944)
(4133,-9905)
(4135,-9878)
(4136,-9859)
(4140,-9836)
(4145,-9822)
(4148,-9815)
(4159,-9796)
(4165,-9791)
(4165,-9789)
(4158,-9796)
(4161,-9789)
(4163,-9787)
(4169,-9787)
(4171,-9784)
(4174,-9784)
(4176,-9789)
(4177,-9782)
(4179,-9784)
(4179,-9782)
(4180,-9784)
(4181,-9783)
(4180,-9779)
(4181,-9777)
(4182,-9776)
(4183,-9777)
(4184,-9782)
(4187,-9777)
(4198,-9751)
(4203,-9749)
(4203,-9742)
(4206,-9741)
(4209,-9733)
(4218,-9719)
(4219,-9713)
(4218,-9710)
(4217,-9710)
(4216,-9703)
(4215,-9702)
(4215,-9714)
(4215,-9713)
(4214,-9705)
(4213,-9711)
(4211,-9711)
(4210,-9714)
(4212,-9720)
(4211,-9723)
(4209,-9727)
(4210,-9711)
(4211,-9708)
(4212,-9704)
(4212,-9702)
(4213,-9704)
(4215,-9697)
(4215,-9678)
(4219,-9662)
(4218,-9662)
(4217,-9657)
(4219,-9659)
(4223,-9645)
(4226,-9636)
(4223,-9649)
(4229,-9628)
(4236,-9609)
(4235,-9610)
(4234,-9607)
(4236,-9596)
(4233,-9597)
(4232,-9595)
(4231,-9597)
(4231,-9602)
(4229,-9604)
(4228,-9612)
(4229,-9595)
(4219,-9608)
(4222,-9598)
(4220,-9595)
(4219,-9595)
(4212,-9586)
(4223,-9593)
(4230,-9589)
(4228,-9582)
(4231,-9570)
(4230,-9565)
(4232,-9557)
(4231,-9566)
(4231,-9574)
(4230,-9583)
(4232,-9588)
(4238,-9596)
(4238,-9602)
(4236,-9607)
(4238,-9606)
(4242,-9595)
(4242,-9589)
(4243,-9591)
(4248,-9580)
(4253,-9551)
(4251,-9562)
(4250,-9549)
(4249,-9549)
(4248,-9559)
(4247,-9567)
(4245,-9562)
(4246,-9558)
(4244,-9559)
(4241,-9553)
(4245,-9557)
(4246,-9555)
(4245,-9549)
(4246,-9540)
(4247,-9540)
(4249,-9545)
(4247,-9522)
(4249,-9503)
(4249,-9500)
(4250,-9510)
(4251,-9510)
(4249,-9494)
(4250,-9483)
(4251,-9472)
(4257,-9451)
(4263,-9436)
(4278,-9409)
(4284,-9388)
(4282,-9383)
(4284,-9388)
(4282,-9391)
(4281,-9396)
(4278,-9392)
(4277,-9386)
(4276,-9387)
(4276,-9374)
(4275,-9367)
(4273,-9366)
(4273,-9363)
(4270,-9367)
(4271,-9360)
(4273,-9357)
(4272,-9355)
(4271,-9339)
(4270,-9336)
(4267,-9333)
(4265,-9333)
(4262,-9343)
(4260,-9344)
(4258,-9353)
(4258,-9366)
(4257,-9361)
(4256,-9361)
(4255,-9371)
(4255,-9363)
(4254,-9365)
(4254,-9364)
(4254,-9359)
(4251,-9356)
(4249,-9359)
(4245,-9358)
(4246,-9354)
(4249,-9355)
(4250,-9354)
(4250,-9343)
(4250,-9339)
(4252,-9339)
(4250,-9335)
(4252,-9332)
(4256,-9332)
(4260,-9323)
(4262,-9317)
(4260,-9315)
(4259,-9312)
(4262,-9311)
(4265,-9317)
(4267,-9310)
(4265,-9306)
(4268,-9307)
(4269,-9305)
(4268,-9302)
(4263,-9302)
(4261,-9305)
(4261,-9301)
(4267,-9301)
(4267,-9298)
(4265,-9294)
(4266,-9289)
(4261,-9276)
(4255,-9279)
(4253,-9288)
(4253,-9281)
(4253,-9280)
(4250,-9277)
(4249,-9259)
(4248,-9255)
(4247,-9255)
(4247,-9252)
(4250,-9242)
(4253,-9235)
(4254,-9203)
(4256,-9192)
(4254,-9185)
(4255,-9182)
(4254,-9177)
(4252,-9175)
(4251,-9172)
(4253,-9169)
(4249,-9162)
(4251,-9160)
(4253,-9165)
(4253,-9159)
(4252,-9144)
(4250,-9135)
(4249,-9133)
(4244,-9146)
(4243,-9145)
(4242,-9150)
(4239,-9150)
(4236,-9143)
(4236,-9126)
(4234,-9125)
(4235,-9150)
(4234,-9154)
(4234,-9158)
(4233,-9157)
(4233,-9151)
(4233,-9146)
(4233,-9135)
(4233,-9126)
(4234,-9121)
(4233,-9104)
(4231,-9108)
(4231,-9112)
(4230,-9106)
(4228,-9118)
(4227,-9118)
(4226,-9089)
(4225,-9080)
(4222,-9073)
(4223,-9070)
(4225,-9073)
(4227,-9071)
(4227,-9059)
(4228,-9056)
(4228,-9052)
(4229,-9050)
(4228,-9044)
(4230,-9047)
(4230,-9031)
(4228,-9029)
(4229,-9025)
(4229,-9022)
(4225,-9024)
(4227,-9015)
(4226,-9007)
(4231,-8993)
(4229,-8988)
(4231,-8982)
(4231,-8970)
(4230,-8968)
(4230,-8969)
(4229,-8963)
(4229,-8961)
(4230,-8961)
(4229,-8950)
(4228,-8943)
(4225,-8938)
(4226,-8935)
(4225,-8929)
(4224,-8916)
(4222,-8911)
(4219,-8910)
(4219,-8902)
(4222,-8893)
(4221,-8886)
(4218,-8883)
(4219,-8880)
(4218,-8879)
(4219,-8872)
(4218,-8868)
(4214,-8868)
(4211,-8844)
(4212,-8836)
(4210,-8830)
(4210,-8819)
(4211,-8816)
(4210,-8814)
(4211,-8813)
(4212,-8792)
(4211,-8777)
(4209,-8765)
(4209,-8757)
(4210,-8756)
(4208,-8753)
(4210,-8753)
(4210,-8750)
(4205,-8736)
(4204,-8736)
(4206,-8733)
(4203,-8728)
(4202,-8720)
(4202,-8713)
(4200,-8718)
(4199,-8702)
(4198,-8698)
(4199,-8693)
(4200,-8693)
(4198,-8686)
(4198,-8678)
(4202,-8664)
(4202,-8650)
(4204,-8647)
(4203,-8644)
(4199,-8644)
(4203,-8641)
(4205,-8643)
(4204,-8636)
(4205,-8633)
(4205,-8630)
(4206,-8625)
(4205,-8621)
(4205,-8617)
(4206,-8614)
(4207,-8614)
(4206,-8611)
(4207,-8601)
(4203,-8597)
(4207,-8597)
(4205,-8588)
(4205,-8581)
(4204,-8579)
(4205,-8574)
(4201,-8558)
(4200,-8555)
(4198,-8556)
(4199,-8553)
(4198,-8549)
(4198,-8551)
(4197,-8551)
(4196,-8545)
(4195,-8545)
(4195,-8542)
(4193,-8542)
(4193,-8539)
(4191,-8536)
(4191,-8526)
(4188,-8521)
(4187,-8518)
(4188,-8517)
(4189,-8515)
(4188,-8513)
(4187,-8504)
(4183,-8492)
(4178,-8483)
(4178,-8475)
(4180,-8473)
(4181,-8478)
(4179,-8460)
(4177,-8460)
(4174,-8460)
(4170,-8460)
(4166,-8460)
(4162,-8460)
(4158,-8460)
(4155,-8460)
(4152,-8460)
(4148,-8460)
(4144,-8460)
(4140,-8460)
(4135,-8460)
(4132,-8460)
(4128,-8460)
(4124,-8460)
(4120,-8460)
(4116,-8460)
(4112,-8460)
(4108,-8460)
(4104,-8460)
(4100,-8460)
(4096,-8460)
(4092,-8460)
(4088,-8460)
(4084,-8460)
(4080,-8460)
(4076,-8460)
(4072,-8460)
(4068,-8460)
(4063,-8460)
(4060,-8460)
(4056,-8460)
(4052,-8460)
(4048,-8460)
(4045,-8460)
(4042,-8460)
(4038,-8460)
(4034,-8460)
(4030,-8460)
(4026,-8460)
(4023,-8460)
(4020,-8460)
(4016,-8460)
(4012,-8460)
(4008,-8460)
(4004,-8460)
(4000,-8460)
(3996,-8460)
(3992,-8460)
(3988,-8460)
(3985,-8460)
(3982,-8460)
(3978,-8460)
(3974,-8460)
(3970,-8460)
(3966,-8460)
(3962,-8460)
(3957,-8460)
(3954,-8460)
(3950,-8460)
(3946,-8460)
(3942,-8460)
(3939,-8460)
(3935,-8460)
(3932,-8460)
(3928,-8460)
(3924,-8460)
(3920,-8460)
(3916,-8460)
(3912,-8460)
(3908,-8460)
(3904,-8460)
(3900,-8460)
(3896,-8460)
(3892,-8460)
(3888,-8460)
(3884,-8460)
(3880,-8460)
(3876,-8460)
(3873,-8460)
(3869,-8460)
(3866,-8460)
(3862,-8460)
(3858,-8460)
(3854,-8460)
(3850,-8460)
(3847,-8460)
(3844,-8460)
(3840,-8460)
(3836,-8460)
(3832,-8460)
(3828,-8460)
(3824,-8460)
(3820,-8460)
(3817,-8460)
(3813,-8460)
(3809,-8460)
(3806,-8460)
(3802,-8460)
(3798,-8460)
(3794,-8460)
(3790,-8460)
(3786,-8460)
(3783,-8460)
(3779,-8460)
(3776,-8460)
(3772,-8460)
(3768,-8460)
(3764,-8460)
(3760,-8460)
(3756,-8460)
(3752,-8460)
(3748,-8460)
(3744,-8460)
(3740,-8460)
(3737,-8460)
(3734,-8460)
(3730,-8460)
(3726,-8460)
(3722,-8460)
(3718,-8460)
(3714,-8460)
(3710,-8460)
(3706,-8460)
(3703,-8460)
(3699,-8460)
(3696,-8460)
(3692,-8460)
(3689,-8460)
(3686,-8460)
(3682,-8460)
(3677,-8460)
(3674,-8460)
(3670,-8460)
(3666,-8460)
(3662,-8460)
(3659,-8460)
(3656,-8460)
(3652,-8460)
(3648,-8460)
(3644,-8460)
(3640,-8460)
(3637,-8460)
(3633,-8460)
(3630,-8460)
(3626,-8460)
(3622,-8460)
(3618,-8460)
(3613,-8431)
(3619,-8427)
(3611,-8399)
(3620,-8381)
(3621,-8344)
(3619,-8344)
(3605,-8351)
(3600,-8343)
(3594,-8321)
(3586,-8317)
(3554,-8255)
(3540,-8249)
(3536,-8250)
(3534,-8247)
(3539,-8238)
(3549,-8210)
(3550,-8195)
(3557,-8188)
(3568,-8188)
(3567,-8182)
(3568,-8178)
(3572,-8174)
(3574,-8174)
(3576,-8181)
(3578,-8172)
(3580,-8157)
(3588,-8128)
(3584,-8120)
(3582,-8114)
(3578,-8111)
(3577,-8106)
(3574,-8101)
(3568,-8101)
(3567,-8104)
(3566,-8105)
(3563,-8099)
(3561,-8101)
(3557,-8097)
(3555,-8081)
(3552,-8080)
(3548,-8074)
(3548,-8068)
(3543,-8063)
(3539,-8064)
(3538,-8059)
(3536,-8060)
(3531,-8055)
(3524,-8030)
(3516,-8021)
(3505,-8002)
(3503,-8007)
(3497,-8002)
(3488,-7988)
(3480,-7983)
(3472,-7973)
(3451,-7954)
(3443,-7943)
(3432,-7934)
(3425,-7940)
(3422,-7922)
(3412,-7926)
(3408,-7912)
(3405,-7913)
(3401,-7910)
(3396,-7909)
(3396,-7893)
(3384,-7863)
(3382,-7846)
(3375,-7838)
(3374,-7828)
(3368,-7825)
(3367,-7817)
(3365,-7814)
(3367,-7805)
(3362,-7801)
(3355,-7800)