840
(-1715,989)
(-1712,996)
(-1710,997)
(-1708,1001)
(-1710,1002)
(-1710,1004)
(-1707,1007)
(-1704,1006)
(-1702,1008)
(-1697,1006)
(-1696,1006)
(-1695,1007)
(-1696,1009)
(-1693,1008)
(-1693,1011)
(-1692,1011)
(-1691,1010)
(-1690,1011)
(-1691,1013)
(-1686,1013)
(-1684,1015)
(-1684,1017)
(-1683,1019)
(-1684,1020)
(-1682,1022)
(-1682,1024)
(-1683,1026)
(-1686,1028)
(-1686,1031)
(-1692,1031)
(-1694,1033)
(-1695,1034)
(-1693,1039)
(-1694,1041)
(-1698,1042)
(-1701,1044)
(-1704,1044)
(-1706,1043)
(-1708,1039)
(-1710,1041)
(-1713,1042)
(-1714,1044)
(-1715,1045)
(-1721,1044)
(-1723,1045)
(-1722,1053)
(-1721,1055)
(-1722,1056)
(-1725,1056)
(-1726,1058)
(-1726,1060)
(-1725,1062)
(-1726,1063)
(-1725,1065)
(-1727,1075)
(-1728,1078)
(-1732,1083)
(-1735,1091)
(-1733,1093)
(-1733,1100)
(-1734,1103)
(-1733,1108)
(-1733,1110)
(-1732,1113)
(-1730,1123)
(-1732,1137)
(-1736,1141)
(-1736,1143)
(-1738,1147)
(-1736,1151)
(-1734,1154)
(-1734,1157)
(-1733,1158)
(-1731,1156)
(-1728,1154)
(-1725,1156)
(-1724,1162)
(-1722,1168)
(-1720,1170)
(-1716,1171)
(-1715,1172)
(-1712,1174)
(-1711,1179)
(-1711,1180)
(-1710,1183)
(-1709,1184)
(-1710,1188)
(-1709,1190)
(-1706,1192)
(-1706,1200)
(-1705,1200)
(-1701,1200)
(-1698,1200)
(-1695,1200)
(-1691,1200)
(-1688,1200)
(-1685,1200)
(-1681,1200)
(-1678,1200)
(-1675,1200)
(-1671,1200)
(-1668,1200)
(-1665,1200)
(-1662,1200)
(-1658,1200)
(-1655,1200)
(-1652,1200)
(-1648,1200)
(-1645,1200)
(-1642,1200)
(-1638,1200)
(-1635,1200)
(-1632,1200)
(-1628,1200)
(-1625,1200)
(-1622,1200)
(-1619,1200)
(-1615,1200)
(-1612,1200)
(-1609,1200)
(-1605,1200)
(-1602,1200)
(-1599,1200)
(-1595,1200)
(-1592,1200)
(-1589,1200)
(-1585,1200)
(-1582,1200)
(-1579,1200)
(-1575,1200)
(-1572,1200)
(-1569,1200)
(-1566,1200)
(-1562,1200)
(-1559,1200)
(-1556,1200)
(-1552,1200)
(-1549,1200)
(-1546,1200)
(-1542,1200)
(-1539,1200)
(-1536,1200)
(-1532,1200)
(-1529,1200)
(-1526,1200)
(-1522,1200)
(-1519,1200)
(-1516,1200)
(-1512,1200)
(-1509,1200)
(-1506,1200)
(-1503,1200)
(-1499,1200)
(-1496,1200)
(-1493,1200)
(-1489,1200)
(-1486,1200)
(-1493,1208)
(-1495,1215)
(-1499,1218)
(-1502,1223)
(-1505,1224)
(-1510,1228)
(-1512,1227)
(-1514,1230)
(-1516,1230)
(-1517,1232)
(-1519,1232)
(-1523,1234)
(-1524,1237)
(-1526,1237)
(-1526,1238)
(-1528,1238)
(-1528,1241)
(-1528,1240)
(-1529,1238)
(-1532,1238)
(-1534,1241)
(-1535,1241)
(-1537,1239)
(-1539,1241)
(-1541,1241)
(-1543,1244)
(-1547,1246)
(-1550,1245)
(-1549,1247)
(-1551,1247)
(-1553,1249)
(-1558,1250)
(-1560,1249)
(-1564,1249)
(-1569,1252)
(-1571,1249)
(-1575,1248)
(-1579,1245)
(-1581,1242)
(-1583,1241)
(-1587,1237)
(-1593,1236)
(-1595,1238)
(-1601,1236)
(-1610,1239)
(-1611,1241)
(-1614,1242)
(-1612,1243)
(-1612,1246)
(-1609,1250)
(-1608,1254)
(-1609,1258)
(-1611,1260)
(-1612,1266)
(-1612,1269)
(-1611,1274)
(-1611,1278)
(-1609,1283)
(-1610,1287)
(-1611,1291)
(-1611,1295)
(-1612,1297)
(-1612,1300)
(-1609,1305)
(-1608,1306)
(-1606,1307)
(-1602,1306)
(-1601,1306)
(-1600,1309)
(-1600,1317)
(-1598,1323)
(-1592,1328)
(-1584,1332)
(-1582,1334)
(-1580,1335)
(-1579,1341)
(-1577,1342)
(-1576,1344)
(-1574,1345)
(-1572,1350)
(-1573,1352)
(-1571,1354)
(-1569,1354)
(-1567,1357)
(-1565,1358)
(-1564,1360)
(-1561,1359)
(-1560,1363)
(-1555,1364)
(-1553,1362)
(-1552,1364)
(-1551,1364)
(-1550,1366)
(-1549,1366)
(-1547,1364)
(-1546,1365)
(-1544,1366)
(-1540,1369)
(-1539,1368)
(-1537,1369)
(-1537,1370)
(-1534,1369)
(-1531,1371)
(-1529,1370)
(-1528,1373)
(-1524,1375)
(-1522,1378)
(-1520,1378)
(-1519,1380)
(-1518,1381)
(-1518,1383)
(-1519,1384)
(-1520,1385)
(-1518,1386)
(-1516,1393)
(-1516,1398)
(-1518,1405)
(-1517,1408)
(-1520,1410)
(-1520,1412)
(-1523,1415)
(-1523,1417)
(-1527,1421)
(-1528,1425)
(-1530,1426)
(-1531,1429)
(-1534,1430)
(-1535,1432)
(-1537,1434)
(-1538,1436)
(-1537,1438)
(-1537,1440)
(-1540,1440)
(-1537,1448)
(-1538,1450)
(-1537,1451)
(-1542,1457)
(-1543,1457)
(-1543,1459)
(-1545,1461)
(-1546,1464)
(-1544,1467)
(-1547,1475)
(-1549,1478)
(-1550,1482)
(-1549,1484)
(-1550,1488)
(-1549,1494)
(-1544,1502)
(-1544,1506)
(-1545,1508)
(-1545,1521)
(-1540,1531)
(-1537,1535)
(-1526,1541)
(-1516,1544)
(-1513,1546)
(-1495,1552)
(-1484,1552)
(-1485,1554)
(-1483,1557)
(-1484,1559)
(-1483,1561)
(-1478,1576)
(-1478,1585)
(-1475,1588)
(-1470,1590)
(-1466,1593)
(-1464,1598)
(-1461,1599)
(-1459,1603)
(-1456,1611)
(-1449,1612)
(-1447,1612)
(-1445,1613)
(-1422,1618)
(-1421,1619)
(-1420,1620)
(-1418,1621)
(-1420,1622)
(-1421,1623)
(-1420,1624)
(-1417,1624)
(-1416,1626)
(-1414,1627)
(-1414,1629)
(-1412,1628)
(-1412,1632)
(-1410,1632)
(-1408,1637)
(-1404,1641)
(-1405,1643)
(-1403,1644)
(-1403,1645)
(-1405,1646)
(-1403,1647)
(-1403,1652)
(-1400,1654)
(-1396,1654)
(-1394,1656)
(-1394,1659)
(-1392,1662)
(-1393,1663)
(-1394,1665)
(-1390,1667)
(-1388,1666)
(-1388,1669)
(-1386,1669)
(-1385,1673)
(-1383,1677)
(-1377,1676)
(-1377,1678)
(-1375,1682)
(-1373,1683)
(-1370,1683)
(-1370,1685)
(-1368,1687)
(-1367,1689)
(-1362,1690)
(-1360,1692)
(-1359,1696)
(-1357,1698)
(-1354,1702)
(-1354,1707)
(-1355,1712)
(-1354,1714)
(-1354,1718)
(-1351,1724)
(-1349,1730)
(-1348,1730)
(-1347,1733)
(-1347,1735)
(-1343,1738)
(-1339,1738)
(-1335,1741)
(-1334,1741)
(-1333,1750)
(-1332,1752)
(-1331,1754)
(-1331,1762)
(-1330,1768)
(-1331,1772)
(-1329,1773)
(-1328,1775)
(-1329,1777)
(-1328,1778)
(-1327,1779)
(-1328,1780)
(-1328,1786)
(-1331,1790)
(-1331,1796)
(-1338,1807)
(-1338,1815)
(-1341,1818)
(-1340,1824)
(-1339,1829)
(-1339,1834)
(-1339,1835)
(-1340,1838)
(-1338,1840)
(-1337,1854)
(-1339,1862)
(-1340,1865)
(-1339,1870)
(-1342,1872)
(-1342,1876)
(-1345,1878)
(-1349,1879)
(-1352,1880)
(-1355,1882)
(-1359,1883)
(-1362,1884)
(-1365,1885)
(-1368,1886)
(-1372,1887)
(-1375,1888)
(-1378,1889)
(-1381,1890)
(-1385,1891)
(-1388,1893)
(-1391,1894)
(-1395,1893)
(-1398,1893)
(-1402,1893)
(-1405,1892)
(-1409,1893)
(-1417,1901)
(-1421,1901)
(-1431,1906)
(-1436,1913)
(-1450,1913)
(-1459,1918)
(-1468,1921)
(-1480,1920)
(-1502,1921)
(-1523,1921)
(-1525,1919)
(-1531,1919)
(-1532,1920)
(-1539,1921)
(-1540,1919)
(-1549,1915)
(-1557,1918)
(-1560,1913)
(-1558,1909)
(-1544,1885)
(-1545,1879)
(-1555,1868)
(-1557,1867)
(-1566,1864)
(-1574,1858)
(-1583,1850)
(-1588,1848)
(-1608,1849)
(-1609,1849)
(-1608,1852)
(-1606,1854)
(-1608,1854)
(-1610,1855)
(-1613,1858)
(-1614,1859)
(-1616,1859)
(-1618,1858)
(-1622,1859)
(-1625,1863)
(-1630,1869)
(-1638,1889)
(-1637,1919)
(-1636,1918)
(-1627,1918)
(-1616,1920)
(-1609,1920)
(-1609,1925)
(-1610,1928)
(-1611,1931)
(-1610,1934)
(-1612,1940)
(-1611,1973)
(-1627,1970)
(-1630,1968)
(-1635,1967)
(-1638,1966)
(-1641,1965)
(-1644,1963)
(-1647,1962)
(-1650,1961)
(-1653,1960)
(-1656,1959)
(-1659,1958)
(-1662,1958)
(-1666,1957)
(-1669,1956)
(-1673,1955)
(-1676,1956)
(-1690,1953)
(-1703,1946)
(-1704,1944)
(-1704,1945)
(-1706,1946)
(-1712,1943)
(-1718,1937)
(-1720,1934)
(-1723,1931)
(-1728,1926)
(-1727,1923)
(-1728,1920)
(-1729,1920)
(-1730,1921)
(-1729,1924)
(-1733,1920)
(-1736,1913)
(-1736,1910)
(-1736,1906)
(-1737,1907)
(-1741,1903)
(-1743,1900)
(-1745,1898)
(-1748,1895)
(-1750,1893)
(-1752,1890)
(-1755,1888)
(-1757,1886)
(-1761,1882)
(-1765,1879)
(-1767,1877)
(-1770,1874)
(-1773,1872)
(-1775,1871)
(-1779,1868)
(-1781,1867)
(-1784,1866)
(-1786,1864)
(-1789,1863)
(-1792,1863)
(-1792,1861)
(-1794,1860)
(-1793,1864)
(-1794,1863)
(-1805,1852)
(-1820,1844)
(-1829,1838)
(-1830,1837)
(-1839,1831)
(-1851,1824)
(-1855,1819)
(-1858,1818)
(-1871,1806)
(-1877,1801)
(-1885,1791)
(-1887,1786)
(-1893,1778)
(-1895,1778)
(-1897,1773)
(-1898,1772)
(-1901,1764)
(-1902,1765)
(-1904,1764)
(-1905,1762)
(-1907,1761)
(-1908,1759)
(-1917,1753)
(-1919,1749)
(-1924,1746)
(-1932,1737)
(-1937,1732)
(-1941,1727)
(-1943,1724)
(-1947,1719)
(-1948,1719)
(-1952,1714)
(-1954,1712)
(-1961,1702)
(-1962,1702)
(-1968,1688)
(-1974,1684)
(-1979,1676)
(-1982,1674)
(-1987,1664)
(-1992,1658)
(-1995,1651)
(-1997,1650)
(-1997,1648)
(-1998,1648)
(-2001,1643)
(-2002,1640)
(-2007,1633)
(-2010,1627)
(-2012,1626)
(-2014,1620)
(-2015,1615)
(-2018,1611)
(-2019,1604)
(-2021,1599)
(-2023,1598)
(-2023,1595)
(-2025,1592)
(-2026,1589)
(-2026,1587)
(-2025,1582)
(-2026,1577)
(-2023,1565)
(-2023,1559)
(-2024,1551)
(-2026,1543)
(-2028,1541)
(-2031,1538)
(-2036,1537)
(-2040,1541)
(-2042,1542)
(-2042,1539)
(-2043,1538)
(-2043,1534)
(-2042,1529)
(-2042,1524)
(-2038,1514)
(-2038,1502)
(-2040,1495)
(-2045,1495)
(-2048,1490)
(-2050,1490)
(-2051,1492)
(-2052,1490)
(-2051,1488)
(-2051,1482)
(-2050,1479)
(-2051,1476)
(-2050,1471)
(-2046,1463)
(-2046,1456)
(-2043,1449)
(-2042,1438)
(-2039,1421)
(-2039,1413)
(-2041,1404)
(-2043,1402)
(-2045,1402)
(-2047,1404)
(-2045,1384)
(-2043,1383)
(-2042,1380)
(-2045,1383)
(-2045,1380)
(-2045,1378)
(-2043,1368)
(-2041,1367)
(-2040,1368)
(-2039,1364)
(-2042,1367)
(-2042,1366)
(-2040,1355)
(-2040,1353)
(-2043,1348)
(-2044,1344)
(-2043,1338)
(-2046,1329)
(-2049,1327)
(-2051,1329)
(-2053,1317)
(-2056,1315)
(-2058,1316)
(-2060,1314)
(-2063,1308)
(-2063,1299)
(-2061,1292)
(-2063,1286)
(-2064,1285)
(-2066,1278)
(-2062,1264)
(-2062,1257)
(-2064,1249)
(-2065,1251)
(-2067,1252)
(-2068,1251)
(-2066,1240)
(-2068,1230)
(-2070,1226)
(-2074,1223)
(-2077,1216)
(-2081,1213)
(-2081,1210)
(-2084,1204)
(-2086,1203)
(-2088,1203)
(-2089,1200)
(-2089,1198)
(-2087,1194)
(-2085,1191)
(-2085,1181)
(-2087,1179)
(-2083,1173)
(-2080,1171)
(-2079,1167)
(-2077,1165)
(-2076,1163)
(-2077,1158)
(-2072,1162)
(-2068,1160)
(-2065,1157)
(-2066,1153)
(-2064,1147)
(-2062,1145)
(-2061,1147)
(-2058,1148)
(-2061,1145)
(-2060,1140)
(-2062,1138)
(-2061,1136)
(-2063,1129)
(-2061,1128)
(-2060,1129)
(-2058,1128)
(-2055,1131)
(-2051,1129)
(-2049,1131)
(-2046,1129)
(-2045,1126)
(-2044,1117)
(-2046,1109)
(-2048,1107)
(-2050,1106)
(-2054,1109)
(-2060,1108)
(-2061,1109)
(-2059,1105)
(-2055,1103)
(-2054,1103)
(-2051,1102)
(-2050,1099)
(-2048,1099)
(-2047,1101)
(-2044,1101)
(-2044,1100)
(-2042,1099)
(-2039,1102)
(-2035,1102)
(-2035,1108)
(-2033,1109)
(-2031,1109)
(-2026,1106)
(-2022,1106)
(-2018,1104)
(-2017,1102)
(-2015,1100)
(-2014,1099)
(-2010,1099)
(-2008,1098)
(-2005,1094)
(-2001,1089)
(-2000,1090)
(-1993,1085)
(-1991,1083)
(-1988,1078)
(-1986,1077)
(-1986,1080)
(-1989,1082)
(-1992,1086)
(-1992,1087)
(-1991,1088)
(-1989,1086)
(-1986,1082)
(-1982,1082)
(-1980,1079)
(-1981,1077)
(-1982,1077)
(-1983,1075)
(-1982,1074)
(-1981,1074)
(-1980,1073)
(-1976,1073)
(-1975,1072)
(-1972,1073)
(-1970,1071)
(-1968,1074)
(-1964,1074)
(-1963,1075)
(-1963,1077)
(-1962,1078)
(-1964,1079)
(-1967,1083)
(-1967,1088)
(-1961,1095)
(-1958,1097)
(-1949,1100)
(-1940,1099)
(-1937,1101)
(-1926,1098)
(-1923,1098)
(-1917,1096)
(-1914,1097)
(-1910,1094)
(-1905,1093)
(-1901,1091)
(-1887,1080)
(-1882,1075)
(-1875,1071)
(-1873,1068)
(-1862,1061)
(-1855,1056)
(-1848,1053)
(-1845,1052)
(-1841,1049)
(-1836,1047)
(-1821,1037)
(-1816,1036)
(-1809,1032)
(-1798,1029)
(-1790,1025)
(-1781,1023)
(-1774,1020)
(-1772,1020)
(-1762,1016)
(-1758,1013)
(-1755,1012)
(-1753,1011)
(-1745,1009)
(-1742,1005)
(-1739,1004)
(-1734,1000)
(-1732,996)
(-1726,994)
(-1723,994)
(-1718,988)
(-1715,989)