538
(3097,-160)
(3100,-161)
(3100,-160)
(3104,-161)
(3107,-161)
(3110,-160)
(3111,-165)
(3113,-168)
(3115,-172)
(3116,-172)
(3115,-177)
(3117,-181)
(3119,-185)
(3122,-185)
(3125,-188)
(3128,-188)
(3129,-186)
(3130,-187)
(3133,-185)
(3136,-181)
(3136,-179)
(3136,-181)
(3139,-181)
(3141,-179)
(3141,-184)
(3143,-188)
(3145,-193)
(3148,-193)
(3150,-188)
(3150,-182)
(3151,-180)
(3154,-180)
(3153,-186)
(3152,-188)
(3155,-188)
(3158,-185)
(3161,-183)
(3163,-182)
(3163,-180)
(3163,-179)
(3166,-182)
(3168,-187)
(3167,-189)
(3171,-189)
(3174,-189)
(3176,-186)
(3176,-183)
(3178,-179)
(3176,-176)
(3177,-174)
(3175,-169)
(3174,-169)
(3176,-164)
(3179,-163)
(3180,-169)
(3182,-172)
(3185,-173)
(3187,-174)
(3188,-178)
(3191,-176)
(3194,-179)
(3195,-185)
(3196,-184)
(3203,-192)
(3204,-190)
(3206,-183)
(3204,-181)
(3199,-176)
(3197,-170)
(3198,-165)
(3200,-164)
(3200,-167)
(3200,-173)
(3203,-178)
(3213,-186)
(3221,-179)
(3224,-170)
(3224,-182)
(3228,-184)
(3235,-183)
(3237,-175)
(3236,-173)
(3238,-170)
(3238,-172)
(3240,-171)
(3240,-174)
(3242,-175)
(3244,-172)
(3246,-169)
(3247,-168)
(3251,-171)
(3252,-169)
(3252,-173)
(3249,-176)
(3249,-178)
(3252,-182)
(3247,-185)
(3245,-189)
(3244,-188)
(3247,-194)
(3249,-194)
(3250,-195)
(3250,-193)
(3256,-192)
(3252,-195)
(3252,-199)
(3257,-205)
(3261,-205)
(3271,-218)
(3275,-215)
(3279,-214)
(3283,-211)
(3286,-206)
(3288,-206)
(3292,-203)
(3294,-199)
(3293,-199)
(3292,-196)
(3294,-195)
(3294,-197)
(3295,-197)
(3297,-193)
(3295,-186)
(3296,-182)
(3297,-182)
(3297,-185)
(3298,-184)
(3298,-181)
(3299,-181)
(3299,-184)
(3300,-183)
(3303,-183)
(3304,-177)
(3306,-173)
(3308,-168)
(3311,-162)
(3314,-159)
(3317,-157)
(3319,-153)
(3321,-149)
(3321,-143)
(3325,-139)
(3327,-132)
(3329,-131)
(3330,-133)
(3333,-134)
(3335,-138)
(3338,-140)
(3339,-135)
(3342,-131)
(3344,-127)
(3348,-125)
(3349,-122)
(3345,-119)
(3338,-109)
(3339,-107)
(3338,-106)
(3337,-105)
(3336,-106)
(3336,-101)
(3335,-98)
(3332,-98)
(3329,-95)
(3325,-94)
(3323,-96)
(3319,-93)
(3317,-94)
(3311,-90)
(3309,-91)
(3300,-85)
(3298,-81)
(3295,-82)
(3286,-78)
(3283,-75)
(3282,-70)
(3281,-72)
(3279,-70)
(3276,-71)
(3276,-70)
(3276,-68)
(3278,-68)
(3275,-58)
(3273,-47)
(3270,-38)
(3269,-34)
(3267,-31)
(3265,-31)
(3262,-27)
(3255,-22)
(3253,-16)
(3250,-15)
(3247,-5)
(3245,-10)
(3241,-13)
(3232,-7)
(3226,0)
(3218,8)
(3215,8)
(3214,7)
(3216,8)
(3217,7)
(3218,3)
(3218,0)
(3217,-4)
(3218,-7)
(3223,-15)
(3224,-17)
(3222,-25)
(3222,-33)
(3223,-38)
(3222,-43)
(3221,-42)
(3222,-37)
(3220,-32)
(3221,-28)
(3222,-18)
(3221,-15)
(3218,-12)
(3214,-6)
(3214,-3)
(3212,0)
(3209,5)
(3208,9)
(3206,11)
(3204,14)
(3194,20)
(3190,21)
(3185,20)
(3181,10)
(3175,4)
(3175,2)
(3173,0)
(3173,5)
(3173,7)
(3172,10)
(3168,14)
(3168,20)
(3166,23)
(3167,23)
(3170,26)
(3176,29)
(3178,33)
(3177,36)
(3178,40)
(3177,51)
(3178,53)
(3177,54)
(3177,58)
(3177,61)
(3178,58)
(3178,59)
(3178,62)
(3177,66)
(3176,77)
(3172,86)
(3166,99)
(3164,101)
(3157,105)
(3153,105)
(3149,106)
(3147,104)
(3143,104)
(3136,98)
(3131,98)
(3125,95)
(3123,88)
(3116,80)
(3120,75)
(3117,76)
(3118,70)
(3117,67)
(3117,77)
(3112,72)
(3112,75)
(3113,76)
(3112,78)
(3111,77)
(3108,72)
(3106,68)
(3107,62)
(3108,60)
(3108,56)
(3106,53)
(3105,51)
(3104,43)
(3102,47)
(3103,48)
(3105,55)
(3104,57)
(3101,58)
(3098,56)
(3098,54)
(3098,49)
(3097,52)
(3096,52)
(3097,54)
(3097,57)
(3096,57)
(3092,48)
(3092,39)
(3090,34)
(3090,28)
(3088,26)
(3087,23)
(3087,27)
(3089,29)
(3089,33)
(3088,42)
(3087,44)
(3086,43)
(3086,39)
(3085,36)
(3085,33)
(3083,37)
(3083,39)
(3083,41)
(3083,42)
(3085,42)
(3084,44)
(3085,44)
(3087,45)
(3085,54)
(3082,57)
(3081,54)
(3082,48)
(3080,55)
(3083,73)
(3084,87)
(3081,86)
(3079,83)
(3073,85)
(3069,83)
(3068,81)
(3066,73)
(3065,71)
(3064,66)
(3062,62)
(3059,58)
(3055,59)
(3056,48)
(3055,44)
(3052,40)
(3049,22)
(3045,16)
(3044,14)
(3047,0)
(3050,-12)
(3046,-42)
(3045,-44)
(3046,-45)
(3044,-45)
(3044,-49)
(3046,-55)
(3048,-52)
(3050,-54)
(3049,-55)
(3050,-56)
(3050,-58)
(3049,-57)
(3046,-57)
(3047,-61)
(3048,-59)
(3050,-59)
(3050,-62)
(3048,-62)
(3047,-65)
(3048,-66)
(3050,-64)
(3051,-65)
(3050,-70)
(3049,-67)
(3047,-69)
(3050,-78)
(3053,-82)
(3055,-88)
(3054,-88)
(3053,-84)
(3049,-78)
(3047,-81)
(3046,-88)
(3043,-93)
(3044,-101)
(3044,-105)
(3043,-104)
(3043,-109)
(3043,-112)
(3041,-116)
(3043,-117)
(3043,-123)
(3041,-124)
(3042,-122)
(3040,-122)
(3040,-116)
(3039,-117)
(3038,-114)
(3037,-116)
(3035,-117)
(3035,-123)
(3035,-124)
(3037,-132)
(3038,-144)
(3037,-146)
(3035,-147)
(3033,-145)
(3030,-147)
(3034,-147)
(3039,-157)
(3042,-167)
(3044,-174)
(3042,-178)
(3041,-186)
(3041,-193)
(3036,-202)
(3037,-205)
(3040,-208)
(3036,-206)
(3031,-210)
(3028,-209)
(3026,-213)
(3024,-212)
(3023,-209)
(3022,-210)
(3021,-211)
(3020,-214)
(3019,-214)
(3018,-218)
(3016,-219)
(3013,-219)
(3012,-223)
(3013,-226)
(3013,-227)
(3013,-229)
(3016,-232)
(3018,-237)
(3018,-242)
(3019,-247)
(3021,-248)
(3022,-252)
(3021,-253)
(3021,-250)
(3019,-251)
(3019,-253)
(3021,-256)
(3021,-259)
(3021,-265)
(3020,-268)
(3019,-279)
(3019,-280)
(3020,-281)
(3020,-285)
(3014,-288)
(3013,-292)
(3012,-294)
(3012,-297)
(3009,-299)
(3008,-301)
(3009,-300)
(3009,-301)
(3013,-301)
(3013,-302)
(3012,-304)
(3010,-303)
(3009,-304)
(3009,-303)
(3008,-305)
(3006,-305)
(3006,-307)
(3005,-304)
(3003,-304)
(3000,-306)
(3000,-310)
(2997,-312)
(3000,-315)
(3004,-317)
(3005,-320)
(3008,-329)
(3007,-332)
(3005,-332)
(3003,-334)
(3002,-340)
(3004,-343)
(3005,-342)
(3008,-343)
(3009,-341)
(3013,-331)
(3012,-326)
(3014,-323)
(3014,-320)
(3016,-316)
(3019,-313)
(3021,-309)
(3024,-309)
(3025,-303)
(3028,-301)
(3030,-302)
(3032,-301)
(3032,-299)
(3034,-297)
(3033,-296)
(3035,-295)
(3036,-287)
(3040,-285)
(3042,-281)
(3044,-279)
(3047,-273)
(3054,-273)
(3061,-271)
(3061,-268)
(3059,-261)
(3059,-259)
(3062,-254)
(3064,-252)
(3068,-255)
(3069,-253)
(3071,-253)
(3071,-252)
(3074,-227)
(3073,-216)
(3073,-214)
(3072,-206)
(3071,-204)
(3070,-197)
(3072,-192)
(3072,-184)
(3073,-180)
(3074,-180)
(3079,-181)
(3079,-179)
(3083,-178)
(3084,-175)
(3089,-167)
(3090,-163)
(3103,-148)
(3105,-143)
(3107,-144)
(3105,-144)
(3104,-149)
(3097,-160)