3796
(-2024,-3202)
(-2024,-3205)
(-2021,-3206)
(-2021,-3210)
(-2020,-3212)
(-2005,-3210)
(-1992,-3212)
(-1989,-3211)
(-1984,-3208)
(-1978,-3198)
(-1973,-3197)
(-1969,-3191)
(-1963,-3186)
(-1958,-3191)
(-1956,-3196)
(-1956,-3198)
(-1954,-3204)
(-1950,-3208)
(-1946,-3214)
(-1942,-3218)
(-1938,-3219)
(-1936,-3218)
(-1932,-3220)
(-1931,-3222)
(-1926,-3224)
(-1923,-3225)
(-1923,-3228)
(-1921,-3232)
(-1918,-3233)
(-1916,-3236)
(-1916,-3240)
(-1914,-3241)
(-1912,-3244)
(-1915,-3247)
(-1915,-3249)
(-1907,-3259)
(-1903,-3263)
(-1900,-3268)
(-1895,-3268)
(-1890,-3274)
(-1888,-3275)
(-1885,-3290)
(-1883,-3293)
(-1882,-3296)
(-1876,-3301)
(-1877,-3303)
(-1879,-3303)
(-1880,-3305)
(-1876,-3309)
(-1875,-3313)
(-1874,-3315)
(-1869,-3317)
(-1868,-3320)
(-1865,-3320)
(-1862,-3321)
(-1860,-3324)
(-1858,-3325)
(-1857,-3328)
(-1851,-3335)
(-1851,-3337)
(-1852,-3338)
(-1857,-3338)
(-1857,-3343)
(-1861,-3345)
(-1863,-3349)
(-1864,-3350)
(-1865,-3360)
(-1856,-3360)
(-1852,-3359)
(-1848,-3360)
(-1844,-3365)
(-1841,-3367)
(-1839,-3370)
(-1836,-3371)
(-1835,-3373)
(-1834,-3373)
(-1829,-3382)
(-1825,-3385)
(-1823,-3389)
(-1818,-3394)
(-1818,-3397)
(-1815,-3397)
(-1814,-3398)
(-1810,-3406)
(-1807,-3408)
(-1806,-3412)
(-1807,-3414)
(-1806,-3416)
(-1807,-3425)
(-1811,-3429)
(-1814,-3429)
(-1818,-3433)
(-1818,-3434)
(-1817,-3435)
(-1818,-3437)
(-1816,-3440)
(-1817,-3442)
(-1818,-3444)
(-1816,-3446)
(-1816,-3448)
(-1817,-3450)
(-1814,-3454)
(-1814,-3458)
(-1811,-3458)
(-1810,-3453)
(-1808,-3450)
(-1802,-3445)
(-1799,-3440)
(-1792,-3439)
(-1789,-3437)
(-1787,-3434)
(-1787,-3428)
(-1786,-3426)
(-1778,-3418)
(-1776,-3418)
(-1769,-3410)
(-1765,-3407)
(-1763,-3406)
(-1761,-3402)
(-1756,-3399)
(-1752,-3399)
(-1750,-3397)
(-1746,-3391)
(-1744,-3386)
(-1738,-3384)
(-1735,-3380)
(-1734,-3378)
(-1727,-3377)
(-1726,-3372)
(-1720,-3367)
(-1716,-3361)
(-1715,-3361)
(-1712,-3362)
(-1710,-3361)
(-1709,-3357)
(-1708,-3354)
(-1705,-3354)
(-1702,-3353)
(-1701,-3350)
(-1702,-3344)
(-1704,-3343)
(-1705,-3342)
(-1701,-3340)
(-1699,-3340)
(-1698,-3341)
(-1696,-3346)
(-1694,-3346)
(-1692,-3341)
(-1690,-3338)
(-1687,-3337)
(-1687,-3335)
(-1689,-3335)
(-1689,-3334)
(-1685,-3330)
(-1684,-3329)
(-1685,-3329)
(-1685,-3327)
(-1682,-3323)
(-1679,-3323)
(-1678,-3320)
(-1675,-3319)
(-1675,-3315)
(-1671,-3311)
(-1671,-3310)
(-1673,-3308)
(-1671,-3306)
(-1671,-3301)
(-1667,-3305)
(-1666,-3304)
(-1668,-3300)
(-1664,-3295)
(-1657,-3294)
(-1657,-3291)
(-1652,-3289)
(-1652,-3287)
(-1653,-3287)
(-1654,-3287)
(-1653,-3281)
(-1652,-3280)
(-1650,-3280)
(-1652,-3279)
(-1652,-3277)
(-1647,-3275)
(-1649,-3272)
(-1648,-3267)
(-1647,-3267)
(-1646,-3268)
(-1645,-3268)
(-1644,-3264)
(-1647,-3261)
(-1644,-3260)
(-1646,-3259)
(-1646,-3257)
(-1644,-3256)
(-1643,-3254)
(-1641,-3254)
(-1635,-3251)
(-1635,-3250)
(-1637,-3249)
(-1637,-3247)
(-1635,-3243)
(-1632,-3240)
(-1632,-3238)
(-1629,-3237)
(-1630,-3235)
(-1627,-3233)
(-1630,-3230)
(-1628,-3228)
(-1627,-3229)
(-1626,-3228)
(-1623,-3227)
(-1621,-3225)
(-1613,-3222)
(-1607,-3223)
(-1606,-3225)
(-1605,-3224)
(-1604,-3225)
(-1603,-3226)
(-1601,-3224)
(-1597,-3224)
(-1594,-3223)
(-1593,-3224)
(-1590,-3222)
(-1582,-3223)
(-1579,-3220)
(-1575,-3219)
(-1572,-3220)
(-1567,-3224)
(-1562,-3225)
(-1557,-3230)
(-1555,-3229)
(-1553,-3230)
(-1548,-3229)
(-1543,-3233)
(-1541,-3232)
(-1539,-3233)
(-1538,-3234)
(-1539,-3235)
(-1539,-3237)
(-1536,-3238)
(-1533,-3241)
(-1534,-3243)
(-1533,-3244)
(-1535,-3244)
(-1536,-3245)
(-1534,-3247)
(-1531,-3246)
(-1530,-3246)
(-1532,-3249)
(-1532,-3252)
(-1535,-3251)
(-1534,-3254)
(-1536,-3255)
(-1533,-3257)
(-1533,-3259)
(-1535,-3260)
(-1535,-3263)
(-1538,-3264)
(-1539,-3265)
(-1541,-3265)
(-1541,-3266)
(-1538,-3268)
(-1536,-3270)
(-1536,-3272)
(-1534,-3272)
(-1534,-3276)
(-1531,-3276)
(-1526,-3277)
(-1522,-3275)
(-1516,-3270)
(-1512,-3268)
(-1509,-3265)
(-1505,-3267)
(-1501,-3267)
(-1496,-3265)
(-1488,-3264)
(-1485,-3262)
(-1477,-3259)
(-1470,-3260)
(-1462,-3255)
(-1457,-3256)
(-1454,-3259)
(-1448,-3260)
(-1445,-3257)
(-1443,-3255)
(-1439,-3261)
(-1434,-3265)
(-1428,-3278)
(-1430,-3280)
(-1432,-3286)
(-1435,-3293)
(-1438,-3295)
(-1439,-3301)
(-1439,-3306)
(-1441,-3311)
(-1439,-3321)
(-1438,-3324)
(-1436,-3325)
(-1422,-3326)
(-1420,-3328)
(-1416,-3331)
(-1412,-3331)
(-1408,-3332)
(-1403,-3330)
(-1399,-3333)
(-1395,-3331)
(-1392,-3332)
(-1389,-3332)
(-1387,-3335)
(-1383,-3335)
(-1380,-3338)
(-1376,-3337)
(-1369,-3339)
(-1364,-3336)
(-1358,-3337)
(-1354,-3343)
(-1352,-3344)
(-1344,-3345)
(-1337,-3351)
(-1338,-3356)
(-1336,-3359)
(-1337,-3361)
(-1337,-3363)
(-1338,-3365)
(-1336,-3367)
(-1337,-3370)
(-1336,-3372)
(-1330,-3381)
(-1325,-3383)
(-1324,-3384)
(-1326,-3390)
(-1330,-3394)
(-1331,-3394)
(-1332,-3395)
(-1334,-3397)
(-1334,-3399)
(-1336,-3398)
(-1333,-3402)
(-1335,-3403)
(-1335,-3404)
(-1335,-3408)
(-1337,-3408)
(-1338,-3410)
(-1337,-3413)
(-1334,-3413)
(-1335,-3414)
(-1336,-3414)
(-1335,-3417)
(-1334,-3417)
(-1334,-3422)
(-1334,-3423)
(-1334,-3426)
(-1334,-3427)
(-1333,-3426)
(-1332,-3429)
(-1333,-3431)
(-1331,-3432)
(-1333,-3435)
(-1333,-3437)
(-1332,-3438)
(-1333,-3440)
(-1332,-3442)
(-1333,-3442)
(-1331,-3445)
(-1331,-3447)
(-1331,-3450)
(-1330,-3453)
(-1331,-3453)
(-1331,-3456)
(-1330,-3457)
(-1326,-3459)
(-1327,-3461)
(-1326,-3464)
(-1326,-3466)
(-1328,-3466)
(-1327,-3468)
(-1329,-3470)
(-1327,-3471)
(-1328,-3474)
(-1327,-3476)
(-1325,-3477)
(-1325,-3479)
(-1321,-3479)
(-1314,-3475)
(-1311,-3477)
(-1308,-3476)
(-1305,-3476)
(-1301,-3473)
(-1299,-3476)
(-1297,-3476)
(-1295,-3475)
(-1292,-3477)
(-1291,-3477)
(-1286,-3475)
(-1280,-3471)
(-1279,-3471)
(-1279,-3473)
(-1277,-3474)
(-1273,-3470)
(-1265,-3470)
(-1263,-3471)
(-1258,-3469)
(-1257,-3470)
(-1258,-3471)
(-1255,-3473)
(-1254,-3475)
(-1250,-3471)
(-1249,-3473)
(-1248,-3477)
(-1244,-3471)
(-1241,-3474)
(-1240,-3476)
(-1243,-3478)
(-1243,-3479)
(-1239,-3478)
(-1237,-3480)
(-1231,-3481)
(-1226,-3479)
(-1222,-3485)
(-1216,-3486)
(-1216,-3487)
(-1217,-3489)
(-1216,-3489)
(-1214,-3490)
(-1212,-3487)
(-1211,-3489)
(-1210,-3490)
(-1209,-3486)
(-1206,-3483)
(-1204,-3482)
(-1203,-3479)
(-1202,-3478)
(-1202,-3474)
(-1199,-3471)
(-1184,-3487)
(-1183,-3487)
(-1181,-3485)
(-1178,-3484)
(-1175,-3482)
(-1172,-3481)
(-1169,-3480)
(-1166,-3478)
(-1163,-3477)
(-1160,-3475)
(-1157,-3474)
(-1154,-3472)
(-1152,-3471)
(-1149,-3469)
(-1146,-3468)
(-1143,-3467)
(-1143,-3462)
(-1135,-3463)
(-1135,-3466)
(-1132,-3465)
(-1129,-3465)
(-1126,-3464)
(-1123,-3463)
(-1120,-3462)
(-1118,-3461)
(-1115,-3460)
(-1112,-3459)
(-1109,-3458)
(-1106,-3457)
(-1103,-3456)
(-1100,-3455)
(-1097,-3454)
(-1094,-3453)
(-1094,-3447)
(-1092,-3447)
(-1092,-3451)
(-1088,-3454)
(-1083,-3456)
(-1071,-3463)
(-1070,-3461)
(-1069,-3461)
(-1066,-3463)
(-1064,-3463)
(-1061,-3466)
(-1059,-3467)
(-1057,-3466)
(-1056,-3464)
(-1047,-3475)
(-1043,-3483)
(-1041,-3492)
(-1038,-3498)
(-1037,-3502)
(-1035,-3504)
(-1020,-3506)
(-1015,-3508)
(-1010,-3507)
(-1002,-3509)
(-998,-3508)
(-995,-3505)
(-990,-3501)
(-986,-3501)
(-984,-3499)
(-977,-3500)
(-977,-3503)
(-979,-3505)
(-980,-3507)
(-980,-3510)
(-980,-3513)
(-979,-3517)
(-979,-3520)
(-979,-3524)
(-979,-3527)
(-979,-3531)
(-979,-3534)
(-979,-3538)
(-979,-3541)
(-978,-3544)
(-978,-3548)
(-978,-3551)
(-978,-3555)
(-978,-3558)
(-978,-3562)
(-978,-3565)
(-977,-3569)
(-977,-3572)
(-977,-3575)
(-977,-3579)
(-977,-3582)
(-977,-3586)
(-977,-3589)
(-977,-3593)
(-976,-3596)
(-976,-3599)
(-976,-3603)
(-976,-3606)
(-976,-3610)
(-972,-3610)
(-969,-3610)
(-966,-3610)
(-963,-3611)
(-959,-3611)
(-956,-3611)
(-953,-3612)
(-949,-3612)
(-946,-3612)
(-943,-3612)
(-939,-3613)
(-936,-3613)
(-933,-3613)
(-929,-3614)
(-926,-3616)
(-924,-3618)
(-921,-3620)
(-919,-3623)
(-916,-3625)
(-914,-3627)
(-911,-3629)
(-909,-3632)
(-906,-3634)
(-906,-3623)
(-889,-3626)
(-881,-3624)
(-877,-3621)
(-875,-3621)
(-873,-3622)
(-873,-3621)
(-871,-3620)
(-869,-3621)
(-865,-3623)
(-862,-3624)
(-858,-3627)
(-853,-3627)
(-851,-3629)
(-846,-3628)
(-844,-3625)
(-839,-3623)
(-838,-3625)
(-837,-3624)
(-832,-3628)
(-828,-3628)
(-827,-3634)
(-825,-3636)
(-824,-3641)
(-822,-3644)
(-821,-3644)
(-821,-3648)
(-819,-3649)
(-815,-3657)
(-813,-3659)
(-813,-3662)
(-809,-3662)
(-808,-3664)
(-809,-3665)
(-809,-3667)
(-812,-3670)
(-811,-3672)
(-812,-3675)
(-809,-3680)
(-813,-3687)
(-813,-3692)
(-810,-3696)
(-811,-3700)
(-812,-3704)
(-813,-3710)
(-811,-3711)
(-807,-3712)
(-801,-3721)
(-798,-3723)
(-796,-3727)
(-789,-3727)
(-789,-3728)
(-787,-3730)
(-788,-3731)
(-787,-3733)
(-789,-3737)
(-789,-3743)
(-788,-3745)
(-784,-3749)
(-784,-3753)
(-782,-3759)
(-780,-3759)
(-778,-3762)
(-779,-3766)
(-781,-3767)
(-779,-3769)
(-777,-3770)
(-777,-3772)
(-771,-3776)
(-772,-3777)
(-770,-3780)
(-767,-3781)
(-765,-3783)
(-763,-3783)
(-762,-3784)
(-759,-3784)
(-758,-3788)
(-762,-3794)
(-762,-3800)
(-760,-3802)
(-759,-3805)
(-756,-3808)
(-754,-3809)
(-753,-3813)
(-751,-3814)
(-750,-3818)
(-748,-3821)
(-748,-3828)
(-748,-3832)
(-752,-3834)
(-753,-3836)
(-752,-3838)
(-752,-3841)
(-751,-3842)
(-750,-3845)
(-751,-3846)
(-750,-3847)
(-751,-3848)
(-752,-3849)
(-749,-3851)
(-749,-3853)
(-749,-3854)
(-750,-3856)
(-750,-3857)
(-748,-3858)
(-748,-3864)
(-744,-3867)
(-742,-3870)
(-737,-3868)
(-734,-3869)
(-735,-3871)
(-733,-3873)
(-732,-3878)
(-730,-3881)
(-727,-3881)
(-726,-3882)
(-729,-3883)
(-729,-3884)
(-727,-3885)
(-722,-3888)
(-720,-3899)
(-718,-3901)
(-715,-3900)
(-713,-3902)
(-709,-3902)
(-705,-3904)
(-704,-3907)
(-702,-3907)
(-704,-3908)
(-706,-3909)
(-707,-3909)
(-704,-3912)
(-703,-3913)
(-699,-3911)
(-698,-3912)
(-697,-3910)
(-695,-3913)
(-692,-3913)
(-691,-3914)
(-690,-3918)
(-689,-3919)
(-683,-3921)
(-680,-3920)
(-679,-3922)
(-676,-3924)
(-675,-3923)
(-673,-3922)
(-672,-3924)
(-670,-3924)
(-668,-3923)
(-666,-3920)
(-662,-3920)
(-659,-3918)
(-655,-3919)
(-651,-3920)
(-648,-3925)
(-641,-3923)
(-639,-3923)
(-637,-3926)
(-634,-3926)
(-629,-3927)
(-627,-3924)
(-622,-3923)
(-618,-3919)
(-613,-3917)
(-606,-3918)
(-602,-3920)
(-597,-3920)
(-591,-3918)
(-588,-3920)
(-586,-3920)
(-583,-3922)
(-581,-3926)
(-583,-3930)
(-584,-3931)
(-587,-3931)
(-588,-3933)
(-590,-3934)
(-590,-3937)
(-588,-3939)
(-588,-3942)
(-586,-3942)
(-585,-3943)
(-586,-3946)
(-584,-3947)
(-587,-3948)
(-585,-3949)
(-587,-3952)
(-586,-3954)
(-588,-3962)
(-587,-3965)
(-588,-3966)
(-588,-3970)
(-590,-3974)
(-590,-3981)
(-593,-3986)
(-593,-3989)
(-594,-3998)
(-597,-3999)
(-599,-4006)
(-605,-4014)
(-616,-4025)
(-617,-4028)
(-619,-4030)
(-619,-4034)
(-619,-4039)
(-622,-4039)
(-623,-4045)
(-625,-4045)
(-627,-4048)
(-630,-4055)
(-632,-4056)
(-635,-4058)
(-637,-4060)
(-641,-4062)
(-643,-4064)
(-641,-4068)
(-639,-4072)
(-639,-4081)
(-641,-4084)
(-643,-4087)
(-646,-4088)
(-651,-4093)
(-654,-4093)
(-657,-4096)
(-659,-4097)
(-660,-4100)
(-660,-4103)
(-663,-4105)
(-663,-4111)
(-666,-4115)
(-668,-4125)
(-667,-4127)
(-663,-4127)
(-660,-4125)
(-660,-4127)
(-660,-4129)
(-661,-4131)
(-661,-4134)
(-660,-4139)
(-658,-4144)
(-658,-4146)
(-657,-4153)
(-657,-4158)
(-656,-4164)
(-657,-4167)
(-657,-4174)
(-658,-4184)
(-655,-4187)
(-656,-4193)
(-655,-4196)
(-662,-4210)
(-664,-4220)
(-662,-4226)
(-659,-4228)
(-656,-4232)
(-661,-4238)
(-590,-4238)
(-587,-4236)
(-587,-4234)
(-584,-4232)
(-581,-4233)
(-578,-4235)
(-575,-4236)
(-574,-4237)
(-574,-4234)
(-572,-4235)
(-571,-4233)
(-570,-4234)
(-570,-4232)
(-566,-4231)
(-567,-4236)
(-571,-4240)
(-574,-4245)
(-578,-4248)
(-580,-4253)
(-583,-4254)
(-586,-4258)
(-589,-4260)
(-589,-4263)
(-591,-4265)
(-592,-4268)
(-596,-4271)
(-598,-4275)
(-600,-4278)
(-598,-4280)
(-600,-4282)
(-600,-4329)
(-600,-4331)
(-598,-4330)
(-596,-4330)
(-593,-4329)
(-590,-4330)
(-588,-4331)
(-585,-4336)
(-580,-4335)
(-576,-4338)
(-572,-4338)
(-572,-4340)
(-570,-4342)
(-569,-4352)
(-567,-4356)
(-567,-4360)
(-565,-4364)
(-564,-4392)
(-562,-4391)
(-560,-4388)
(-555,-4385)
(-553,-4381)
(-550,-4381)
(-550,-4379)
(-549,-4378)
(-545,-4377)
(-539,-4378)
(-536,-4380)
(-534,-4384)
(-523,-4390)
(-521,-4393)
(-521,-4396)
(-517,-4399)
(-516,-4401)
(-509,-4401)
(-507,-4404)
(-505,-4406)
(-504,-4408)
(-502,-4412)
(-496,-4413)
(-492,-4416)
(-488,-4416)
(-483,-4418)
(-481,-4419)
(-478,-4425)
(-477,-4426)
(-473,-4427)
(-473,-4424)
(-472,-4423)
(-470,-4422)
(-467,-4422)
(-464,-4430)
(-460,-4432)
(-452,-4441)
(-452,-4440)
(-451,-4437)
(-449,-4437)
(-447,-4436)
(-441,-4438)
(-443,-4434)
(-440,-4430)
(-440,-4425)
(-438,-4422)
(-433,-4423)
(-432,-4425)
(-429,-4426)
(-426,-4428)
(-422,-4426)
(-413,-4425)
(-411,-4422)
(-408,-4421)
(-407,-4417)
(-404,-4415)
(-402,-4411)
(-395,-4401)
(-391,-4392)
(-387,-4389)
(-384,-4388)
(-372,-4390)
(-370,-4391)
(-363,-4391)
(-359,-4388)
(-352,-4388)
(-351,-4386)
(-347,-4383)
(-339,-4378)
(-336,-4378)
(-332,-4376)
(-328,-4378)
(-321,-4375)
(-319,-4375)
(-315,-4373)
(-314,-4374)
(-311,-4374)
(-309,-4375)
(-308,-4374)
(-307,-4371)
(-305,-4371)
(-305,-4366)
(-303,-4365)
(-304,-4361)
(-303,-4357)
(-300,-4356)
(-300,-4354)
(-297,-4352)
(-297,-4349)
(-294,-4348)
(-293,-4344)
(-287,-4342)
(-287,-4340)
(-286,-4340)
(-285,-4339)
(-285,-4334)
(-282,-4330)
(-282,-4328)
(-279,-4324)
(-276,-4324)
(-277,-4322)
(-275,-4320)
(-275,-4318)
(-271,-4314)
(-270,-4307)
(-269,-4307)
(-270,-4303)
(-268,-4301)
(-271,-4299)
(-268,-4297)
(-270,-4296)
(-268,-4292)
(-269,-4291)
(-267,-4290)
(-266,-4289)
(-266,-4283)
(-267,-4281)
(-266,-4279)
(-266,-4277)
(-263,-4277)
(-263,-4274)
(-265,-4272)
(-262,-4271)
(-261,-4270)
(-263,-4269)
(-264,-4267)
(-263,-4266)
(-262,-4264)
(-263,-4261)
(-260,-4260)
(-262,-4259)
(-263,-4257)
(-257,-4252)
(-255,-4252)
(-254,-4250)
(-253,-4250)
(-251,-4250)
(-249,-4246)
(-250,-4241)
(-247,-4240)
(-247,-4237)
(-250,-4238)
(-250,-4236)
(-252,-4235)
(-248,-4233)
(-249,-4231)
(-251,-4230)
(-248,-4227)
(-248,-4224)
(-250,-4221)
(-248,-4220)
(-251,-4218)
(-254,-4219)
(-258,-4215)
(-258,-4213)
(-260,-4212)
(-259,-4210)
(-256,-4209)
(-255,-4206)
(-257,-4204)
(-259,-4205)
(-260,-4202)
(-261,-4202)
(-260,-4202)
(-260,-4200)
(-258,-4198)
(-255,-4197)
(-253,-4197)
(-250,-4196)
(-247,-4195)
(-243,-4195)
(-240,-4194)
(-237,-4193)
(-234,-4193)
(-230,-4192)
(-227,-4191)
(-224,-4191)
(-220,-4190)
(-217,-4190)
(-214,-4189)
(-210,-4189)
(-207,-4188)
(-204,-4187)
(-201,-4187)
(-197,-4186)
(-194,-4186)
(-191,-4185)
(-187,-4184)
(-184,-4184)
(-181,-4183)
(-178,-4183)
(-174,-4182)
(-171,-4181)
(-168,-4181)
(-164,-4180)
(-161,-4180)
(-158,-4179)
(-155,-4179)
(-151,-4178)
(-148,-4177)
(-145,-4177)
(-142,-4176)
(-138,-4176)
(-135,-4175)
(-132,-4174)
(-128,-4174)
(-125,-4173)
(-122,-4173)
(-119,-4172)
(-115,-4171)
(-112,-4171)
(-109,-4170)
(-105,-4170)
(-102,-4169)
(-99,-4168)
(-96,-4168)
(-92,-4167)
(-90,-4168)
(-85,-4166)
(-84,-4164)
(-81,-4163)
(-75,-4163)
(-71,-4163)
(-65,-4166)
(-60,-4166)
(-59,-4168)
(-58,-4168)
(-55,-4172)
(-52,-4172)
(-52,-4174)
(-50,-4174)
(-48,-4174)
(-45,-4177)
(-44,-4177)
(-38,-4174)
(-36,-4176)
(-31,-4176)
(-30,-4178)
(-27,-4185)
(-24,-4187)
(-22,-4190)
(-20,-4191)
(-19,-4196)
(-15,-4198)
(-14,-4200)
(-9,-4203)
(-5,-4203)
(-2,-4203)
(2,-4203)
(5,-4203)
(8,-4203)
(11,-4203)
(15,-4203)
(18,-4203)
(21,-4203)
(25,-4203)
(28,-4203)
(31,-4203)
(34,-4203)
(35,-4203)
(34,-4201)
(36,-4199)
(35,-4196)
(36,-4195)
(36,-4188)
(38,-4185)
(38,-4184)
(40,-4183)
(41,-4181)
(39,-4176)
(42,-4174)
(42,-4173)
(43,-4172)
(44,-4168)
(38,-4161)
(40,-4158)
(37,-4157)
(37,-4152)
(39,-4151)
(38,-4148)
(39,-4147)
(42,-4149)
(43,-4151)
(46,-4149)
(51,-4150)
(52,-4148)
(54,-4152)
(57,-4152)
(57,-4153)
(60,-4153)
(62,-4156)
(64,-4161)
(62,-4165)
(62,-4166)
(64,-4167)
(64,-4174)
(65,-4176)
(64,-4183)
(65,-4183)
(66,-4186)
(64,-4189)
(64,-4191)
(103,-4191)
(102,-4188)
(103,-4186)
(105,-4183)
(104,-4178)
(107,-4173)
(105,-4164)
(104,-4163)
(103,-4089)
(104,-4091)
(106,-4091)
(107,-4094)
(109,-4094)
(109,-4096)
(110,-4097)
(112,-4095)
(115,-4094)
(118,-4092)
(121,-4091)
(118,-4090)
(118,-4087)
(116,-4085)
(112,-4084)
(106,-4080)
(105,-4078)
(105,-4075)
(105,-4072)
(108,-4067)
(115,-4061)
(120,-4059)
(126,-4051)
(127,-4048)
(129,-4045)
(127,-4040)
(117,-4036)
(109,-4030)
(103,-4026)
(97,-4024)
(91,-4023)
(77,-4025)
(70,-4025)
(73,-4012)
(45,-3979)
(46,-3972)
(45,-3970)
(44,-3968)
(45,-3966)
(47,-3964)
(48,-3958)
(54,-3952)
(59,-3944)
(59,-3935)
(57,-3932)
(54,-3931)
(50,-3931)
(44,-3935)
(40,-3934)
(39,-3931)
(42,-3926)
(45,-3924)
(50,-3923)
(55,-3919)
(56,-3911)
(58,-3910)
(66,-3909)
(68,-3908)
(69,-3906)
(68,-3901)
(70,-3900)
(72,-3897)
(73,-3893)
(77,-3889)
(75,-3886)
(75,-3884)
(80,-3875)
(86,-3872)
(91,-3863)
(90,-3861)
(88,-3861)
(86,-3863)
(84,-3863)
(82,-3862)
(82,-3861)
(88,-3857)
(90,-3853)
(93,-3851)
(95,-3847)
(101,-3844)
(105,-3844)
(108,-3843)
(113,-3843)
(117,-3840)
(119,-3836)
(118,-3827)
(124,-3818)
(126,-3816)
(128,-3812)
(129,-3804)
(132,-3804)
(136,-3801)
(142,-3802)
(144,-3801)
(145,-3802)
(147,-3820)
(145,-3829)
(148,-3838)
(148,-3842)
(151,-3843)
(157,-3840)
(163,-3839)
(165,-3840)
(168,-3841)
(172,-3843)
(175,-3845)
(180,-3848)
(184,-3850)
(187,-3853)
(195,-3852)
(206,-3854)
(208,-3853)
(211,-3851)
(216,-3851)
(224,-3859)
(227,-3867)
(232,-3872)
(235,-3874)
(240,-3879)
(249,-3883)
(252,-3888)
(257,-3888)
(257,-3883)
(255,-3879)
(248,-3876)
(247,-3875)
(249,-3862)
(249,-3855)
(247,-3848)
(242,-3845)
(234,-3843)
(233,-3841)
(234,-3837)
(236,-3835)
(238,-3830)
(236,-3827)
(237,-3819)
(237,-3816)
(232,-3812)
(231,-3810)
(232,-3808)
(233,-3807)
(238,-3805)
(238,-3801)
(234,-3795)
(230,-3793)
(226,-3788)
(216,-3779)
(214,-3775)
(214,-3773)
(214,-3771)
(216,-3769)
(216,-3766)
(221,-3764)
(227,-3764)
(234,-3767)
(238,-3765)
(241,-3766)
(242,-3765)
(243,-3760)
(242,-3754)
(242,-3753)
(244,-3752)
(247,-3752)
(249,-3747)
(251,-3747)
(251,-3746)
(251,-3743)
(246,-3729)
(246,-3726)
(249,-3723)
(250,-3720)
(249,-3715)
(250,-3711)
(251,-3709)
(255,-3705)
(256,-3702)
(255,-3699)
(254,-3697)
(255,-3695)
(255,-3693)
(256,-3691)
(259,-3691)
(262,-3691)
(264,-3690)
(266,-3686)
(265,-3681)
(267,-3677)
(268,-3677)
(271,-3679)
(272,-3678)
(271,-3673)
(270,-3669)
(271,-3659)
(275,-3656)
(279,-3655)
(283,-3653)
(283,-3650)
(286,-3644)
(290,-3639)
(297,-3635)
(299,-3635)
(311,-3639)
(312,-3644)
(313,-3641)
(313,-3636)
(311,-3633)
(312,-3630)
(312,-3627)
(311,-3627)
(313,-3624)
(312,-3622)
(312,-3618)
(315,-3615)
(316,-3612)
(316,-3611)
(314,-3610)
(315,-3607)
(312,-3606)
(310,-3605)
(308,-3603)
(306,-3598)
(303,-3598)
(294,-3600)
(290,-3600)
(288,-3601)
(282,-3602)
(280,-3604)
(276,-3605)
(276,-3607)
(275,-3608)
(274,-3609)
(271,-3609)
(270,-3606)
(271,-3606)
(272,-3605)
(271,-3604)
(270,-3603)
(270,-3598)
(271,-3598)
(270,-3596)
(268,-3594)
(269,-3592)
(269,-3591)
(268,-3591)
(267,-3589)
(268,-3588)
(264,-3582)
(263,-3580)
(261,-3581)
(258,-3584)
(256,-3583)
(254,-3584)
(253,-3584)
(250,-3582)
(249,-3578)
(245,-3579)
(240,-3575)
(238,-3575)
(237,-3571)
(236,-3571)
(234,-3575)
(231,-3575)
(229,-3575)
(227,-3576)
(227,-3578)
(226,-3580)
(222,-3580)
(218,-3586)
(216,-3591)
(214,-3591)
(209,-3589)
(206,-3590)
(206,-3589)
(204,-3589)
(202,-3589)
(201,-3590)
(200,-3590)
(195,-3593)
(194,-3593)
(192,-3594)
(190,-3594)
(189,-3595)
(188,-3594)
(186,-3596)
(182,-3598)
(179,-3597)
(169,-3599)
(161,-3599)
(157,-3597)
(156,-3598)
(154,-3596)
(153,-3596)
(147,-3594)
(144,-3593)
(143,-3594)
(142,-3594)
(138,-3588)
(137,-3584)
(131,-3584)
(127,-3583)
(124,-3585)
(122,-3584)
(118,-3584)
(115,-3585)
(114,-3585)
(112,-3585)
(111,-3584)
(112,-3582)
(111,-3578)
(106,-3580)
(104,-3578)
(104,-3573)
(103,-3571)
(99,-3569)
(97,-3566)
(94,-3565)
(93,-3563)
(91,-3561)
(92,-3560)
(91,-3559)
(89,-3559)
(88,-3557)
(85,-3557)
(83,-3555)
(80,-3545)
(80,-3540)
(78,-3536)
(76,-3534)
(74,-3534)
(72,-3532)
(71,-3529)
(73,-3524)
(77,-3522)
(76,-3514)
(77,-3513)
(76,-3511)
(76,-3510)
(81,-3508)
(87,-3510)
(89,-3503)
(92,-3503)
(93,-3501)
(96,-3499)
(96,-3498)
(95,-3498)
(94,-3494)
(94,-3490)
(91,-3488)
(91,-3480)
(96,-3478)
(100,-3479)
(98,-3475)
(100,-3473)
(103,-3465)
(102,-3458)
(102,-3453)
(104,-3450)
(107,-3449)
(109,-3447)
(115,-3445)
(116,-3442)
(118,-3440)
(119,-3438)
(119,-3436)
(117,-3434)
(121,-3426)
(121,-3424)
(117,-3423)
(116,-3421)
(115,-3418)
(116,-3414)
(114,-3413)
(112,-3407)
(115,-3403)
(115,-3399)
(116,-3398)
(114,-3393)
(115,-3392)
(117,-3388)
(115,-3384)
(116,-3381)
(113,-3376)
(113,-3371)
(110,-3361)
(112,-3356)
(114,-3354)
(117,-3355)
(123,-3354)
(129,-3360)
(131,-3362)
(133,-3362)
(134,-3363)
(135,-3365)
(135,-3368)
(136,-3368)
(141,-3365)
(141,-3363)
(141,-3362)
(144,-3360)
(147,-3360)
(149,-3359)
(151,-3359)
(152,-3358)
(151,-3355)
(148,-3352)
(147,-3346)
(145,-3344)
(144,-3343)
(146,-3335)
(146,-3323)
(147,-3321)
(149,-3321)
(151,-3319)
(151,-3317)
(150,-3315)
(151,-3312)
(153,-3311)
(154,-3308)
(152,-3307)
(155,-3301)
(157,-3297)
(156,-3296)
(154,-3298)
(152,-3297)
(146,-3292)
(146,-3288)
(148,-3285)
(147,-3282)
(144,-3281)
(143,-3283)
(140,-3282)
(139,-3279)
(140,-3276)
(139,-3272)
(137,-3271)
(137,-3272)
(136,-3272)
(133,-3268)
(132,-3264)
(133,-3262)
(130,-3260)
(129,-3255)
(130,-3251)
(127,-3249)
(127,-3247)
(128,-3245)
(131,-3244)
(131,-3241)
(131,-3240)
(133,-3236)
(134,-3236)
(136,-3236)
(136,-3233)
(138,-3232)
(139,-3229)
(141,-3228)
(142,-3225)
(141,-3223)
(139,-3224)
(136,-3213)
(135,-3212)
(135,-3207)
(139,-3201)
(141,-3201)
(141,-3200)
(135,-3193)
(132,-3196)
(132,-3194)
(133,-3187)
(133,-3185)
(131,-3183)
(130,-3178)
(132,-3174)
(137,-3171)
(138,-3168)
(140,-3164)
(143,-3160)
(146,-3159)
(148,-3156)
(154,-3153)
(155,-3152)
(158,-3154)
(159,-3152)
(173,-3146)
(174,-3144)
(176,-3145)
(184,-3140)
(187,-3141)
(189,-3141)
(190,-3139)
(194,-3137)
(195,-3135)
(194,-3134)
(197,-3132)
(209,-3125)
(211,-3125)
(211,-3124)
(217,-3120)
(222,-3119)
(223,-3118)
(224,-3116)
(226,-3116)
(228,-3113)
(232,-3109)
(239,-3106)
(242,-3101)
(244,-3098)
(254,-3095)
(254,-3094)
(244,-3090)
(236,-3086)
(239,-3086)
(244,-3089)
(257,-3093)
(262,-3094)
(264,-3092)
(261,-3090)
(254,-3080)
(244,-3072)
(240,-3070)
(227,-3070)
(221,-3071)
(219,-3071)
(232,-3068)
(234,-3067)
(235,-3066)
(234,-3065)
(233,-3065)
(230,-3065)
(227,-3065)
(224,-3064)
(221,-3064)
(217,-3065)
(214,-3065)
(211,-3064)
(208,-3064)
(205,-3064)
(201,-3064)
(196,-3063)
(192,-3061)
(188,-3061)
(172,-3055)
(168,-3055)
(167,-3053)
(164,-3051)
(161,-3051)
(159,-3050)
(154,-3049)
(149,-3050)
(150,-3047)
(146,-3044)
(142,-3045)
(137,-3043)
(134,-3041)
(129,-3041)
(128,-3042)
(128,-3044)
(129,-3048)
(127,-3046)
(125,-3047)
(123,-3046)
(123,-3045)
(127,-3044)
(128,-3039)
(125,-3036)
(120,-3035)
(116,-3032)
(111,-3031)
(109,-3028)
(108,-3023)
(109,-3019)
(107,-3015)
(107,-3011)
(104,-3006)
(104,-3004)
(100,-2998)
(86,-2993)
(75,-2995)
(70,-2993)
(66,-2996)
(64,-3001)
(66,-3002)
(62,-3003)
(59,-3006)
(57,-3008)
(51,-3017)
(48,-3019)
(44,-3021)
(40,-3027)
(25,-3034)
(11,-3046)
(10,-3048)
(10,-3052)
(9,-3057)
(3,-3062)
(-2,-3065)
(-3,-3072)
(-5,-3074)
(-5,-3080)
(-6,-3077)
(-8,-3075)
(-17,-3081)
(-24,-3084)
(-26,-3087)
(-28,-3086)
(-29,-3087)
(-32,-3090)
(-33,-3092)
(-32,-3095)
(-33,-3093)
(-34,-3095)
(-33,-3093)
(-34,-3092)
(-45,-3102)
(-47,-3103)
(-52,-3103)
(-62,-3103)
(-63,-3105)
(-68,-3110)
(-70,-3115)
(-72,-3116)
(-78,-3115)
(-80,-3116)
(-84,-3120)
(-85,-3122)
(-83,-3128)
(-81,-3132)
(-81,-3134)
(-83,-3137)
(-86,-3146)
(-90,-3149)
(-92,-3154)
(-92,-3157)
(-94,-3162)
(-96,-3163)
(-94,-3152)
(-94,-3143)
(-91,-3136)
(-97,-3134)
(-101,-3136)
(-102,-3135)
(-101,-3132)
(-99,-3131)
(-98,-3129)
(-97,-3121)
(-95,-3116)
(-93,-3113)
(-84,-3100)
(-83,-3094)
(-80,-3087)
(-75,-3084)
(-74,-3080)
(-75,-3081)
(-76,-3080)
(-73,-3076)
(-68,-3072)
(-68,-3071)
(-67,-3071)
(-62,-3062)
(-60,-3060)
(-57,-3060)
(-56,-3060)
(-55,-3058)
(-58,-3057)
(-57,-3056)
(-56,-3057)
(-55,-3057)
(-55,-3051)
(-56,-3049)
(-58,-3050)
(-63,-3049)
(-65,-3051)
(-65,-3053)
(-68,-3054)
(-68,-3057)
(-71,-3051)
(-74,-3049)
(-80,-3050)
(-82,-3050)
(-84,-3048)
(-86,-3049)
(-93,-3046)
(-98,-3041)
(-104,-3039)
(-107,-3040)
(-105,-3044)
(-107,-3043)
(-108,-3041)
(-110,-3037)
(-116,-3031)
(-116,-3028)
(-119,-3029)
(-116,-3027)
(-119,-3027)
(-125,-3025)
(-121,-3023)
(-121,-3020)
(-117,-3019)
(-114,-3015)
(-115,-3010)
(-112,-3009)
(-111,-3006)
(-109,-2999)
(-110,-2997)
(-113,-2992)
(-115,-2992)
(-118,-2994)
(-116,-2991)
(-121,-2991)
(-125,-2993)
(-123,-2991)
(-126,-2989)
(-124,-2990)
(-114,-2991)
(-115,-2990)
(-117,-2990)
(-115,-2989)
(-114,-2989)
(-114,-2986)
(-116,-2984)
(-115,-2984)
(-114,-2983)
(-116,-2982)
(-115,-2980)
(-117,-2978)
(-121,-2975)
(-120,-2974)
(-119,-2975)
(-115,-2978)
(-115,-2979)
(-112,-2978)
(-111,-2976)
(-111,-2974)
(-112,-2972)
(-107,-2970)
(-106,-2968)
(-109,-2968)
(-107,-2965)
(-109,-2966)
(-111,-2968)
(-113,-2966)
(-114,-2962)
(-119,-2963)
(-120,-2963)
(-122,-2965)
(-126,-2966)
(-127,-2965)
(-131,-2967)
(-136,-2970)
(-139,-2970)
(-145,-2973)
(-149,-2972)
(-152,-2973)
(-157,-2977)
(-158,-2980)
(-160,-2981)
(-161,-2981)
(-160,-2977)
(-159,-2972)
(-157,-2971)
(-155,-2971)
(-154,-2969)
(-150,-2966)
(-143,-2966)
(-131,-2959)
(-120,-2956)
(-114,-2951)
(-113,-2950)
(-113,-2947)
(-111,-2946)
(-111,-2939)
(-107,-2936)
(-105,-2935)
(-103,-2933)
(-101,-2933)
(-99,-2931)
(-98,-2929)
(-97,-2929)
(-95,-2926)
(-90,-2924)
(-89,-2922)
(-88,-2922)
(-90,-2918)
(-88,-2916)
(-95,-2912)
(-95,-2911)
(-98,-2910)
(-98,-2907)
(-100,-2905)
(-96,-2906)
(-91,-2909)
(-92,-2908)
(-91,-2903)
(-88,-2900)
(-88,-2910)
(-79,-2909)
(-77,-2907)
(-79,-2904)
(-79,-2900)
(-71,-2898)
(-70,-2897)
(-71,-2895)
(-69,-2897)
(-68,-2896)
(-67,-2893)
(-67,-2896)
(-63,-2898)
(-63,-2894)
(-62,-2891)
(-54,-2889)
(-51,-2888)
(-48,-2890)
(-43,-2886)
(-40,-2883)
(-40,-2882)
(-42,-2881)
(-44,-2881)
(-47,-2878)
(-45,-2877)
(-42,-2872)
(-40,-2872)
(-41,-2871)
(-41,-2870)
(-41,-2868)
(-39,-2867)
(-38,-2865)
(-40,-2863)
(-42,-2863)
(-43,-2863)
(-45,-2864)
(-46,-2864)
(-44,-2860)
(-42,-2857)
(-38,-2855)
(-39,-2855)
(-38,-2853)
(-39,-2852)
(-44,-2849)
(-46,-2850)
(-46,-2845)
(-49,-2844)
(-47,-2843)
(-45,-2843)
(-45,-2845)
(-42,-2846)
(-42,-2847)
(-44,-2848)
(-37,-2848)
(-36,-2847)
(-36,-2848)
(-35,-2844)
(-39,-2845)
(-41,-2845)
(-39,-2844)
(-41,-2842)
(-40,-2843)
(-39,-2843)
(-38,-2841)
(-39,-2839)
(-37,-2841)
(-36,-2837)
(-38,-2837)
(-39,-2837)
(-39,-2835)
(-41,-2835)
(-39,-2834)
(-38,-2835)
(-38,-2832)
(-40,-2832)
(-41,-2832)
(-40,-2833)
(-42,-2835)
(-43,-2834)
(-42,-2833)
(-43,-2830)
(-41,-2830)
(-44,-2829)
(-46,-2832)
(-46,-2829)
(-48,-2828)
(-44,-2828)
(-45,-2827)
(-43,-2827)
(-43,-2826)
(-41,-2826)
(-40,-2825)
(-42,-2824)
(-43,-2825)
(-45,-2825)
(-45,-2824)
(-48,-2824)
(-48,-2823)
(-49,-2825)
(-51,-2825)
(-52,-2823)
(-50,-2823)
(-48,-2822)
(-47,-2821)
(-46,-2821)
(-45,-2819)
(-42,-2818)
(-42,-2817)
(-47,-2818)
(-47,-2817)
(-48,-2817)
(-48,-2816)
(-50,-2816)
(-50,-2815)
(-51,-2816)
(-52,-2818)
(-54,-2818)
(-54,-2817)
(-52,-2817)
(-52,-2814)
(-51,-2814)
(-51,-2813)
(-48,-2814)
(-48,-2813)
(-49,-2812)
(-48,-2811)
(-47,-2812)
(-44,-2809)
(-43,-2810)
(-43,-2809)
(-44,-2808)
(-45,-2809)
(-46,-2808)
(-47,-2809)
(-48,-2809)
(-48,-2810)
(-49,-2809)
(-50,-2809)
(-49,-2808)
(-52,-2808)
(-54,-2807)
(-52,-2807)
(-51,-2806)
(-52,-2806)
(-50,-2805)
(-53,-2803)
(-56,-2805)
(-57,-2804)
(-53,-2802)
(-52,-2802)
(-50,-2802)
(-50,-2801)
(-52,-2799)
(-52,-2798)
(-50,-2799)
(-49,-2798)
(-52,-2796)
(-54,-2796)
(-54,-2797)
(-55,-2796)
(-56,-2797)
(-57,-2799)
(-56,-2800)
(-57,-2801)
(-57,-2802)
(-60,-2805)
(-61,-2805)
(-58,-2802)
(-59,-2798)
(-59,-2797)
(-57,-2795)
(-59,-2794)
(-62,-2797)
(-61,-2796)
(-61,-2794)
(-60,-2794)
(-61,-2793)
(-62,-2792)
(-62,-2790)
(-61,-2788)
(-62,-2788)
(-63,-2788)
(-62,-2784)
(-60,-2782)
(-59,-2781)
(-61,-2782)
(-64,-2782)
(-65,-2781)
(-63,-2781)
(-61,-2780)
(-63,-2779)
(-67,-2779)
(-62,-2777)
(-66,-2775)
(-62,-2777)
(-61,-2776)
(-59,-2776)
(-57,-2773)
(-57,-2775)
(-55,-2775)
(-55,-2770)
(-57,-2770)
(-58,-2772)
(-60,-2772)
(-61,-2773)
(-61,-2772)
(-64,-2773)
(-64,-2772)
(-65,-2772)
(-66,-2773)
(-71,-2776)
(-69,-2774)
(-69,-2770)
(-67,-2769)
(-71,-2768)
(-66,-2768)
(-64,-2766)
(-68,-2764)
(-71,-2766)
(-72,-2766)
(-73,-2765)
(-70,-2763)
(-71,-2762)
(-73,-2763)
(-72,-2762)
(-69,-2762)
(-68,-2761)
(-66,-2761)
(-67,-2760)
(-65,-2758)
(-66,-2759)
(-67,-2758)
(-67,-2759)
(-68,-2759)
(-68,-2757)
(-69,-2757)
(-69,-2760)
(-70,-2760)
(-72,-2760)
(-72,-2758)
(-75,-2757)
(-75,-2756)
(-72,-2756)
(-68,-2754)
(-70,-2753)
(-71,-2755)
(-73,-2754)
(-70,-2753)
(-72,-2752)
(-76,-2754)
(-74,-2752)
(-77,-2753)
(-77,-2751)
(-72,-2750)
(-75,-2749)
(-78,-2750)
(-80,-2749)
(-77,-2749)
(-76,-2748)
(-76,-2746)
(-74,-2746)
(-73,-2746)
(-73,-2745)
(-68,-2743)
(-69,-2742)
(-70,-2742)
(-75,-2744)
(-76,-2742)
(-78,-2742)
(-79,-2743)
(-79,-2742)
(-80,-2741)
(-82,-2742)
(-82,-2738)
(-80,-2737)
(-77,-2737)
(-77,-2735)
(-78,-2736)
(-80,-2735)
(-77,-2734)
(-76,-2732)
(-77,-2732)
(-77,-2733)
(-79,-2733)
(-78,-2732)
(-79,-2732)
(-80,-2733)
(-81,-2733)
(-80,-2731)
(-82,-2730)
(-84,-2732)
(-85,-2732)
(-81,-2728)
(-79,-2728)
(-78,-2725)
(-78,-2727)
(-78,-2724)
(-81,-2725)
(-82,-2728)
(-88,-2729)
(-88,-2731)
(-90,-2732)
(-88,-2730)
(-89,-2729)
(-91,-2731)
(-90,-2728)
(-91,-2728)
(-92,-2728)
(-93,-2727)
(-92,-2727)
(-89,-2728)
(-88,-2727)
(-86,-2726)
(-86,-2725)
(-88,-2725)
(-86,-2723)
(-83,-2722)
(-81,-2721)
(-79,-2722)
(-79,-2720)
(-82,-2718)
(-85,-2718)
(-87,-2719)
(-89,-2723)
(-90,-2723)
(-89,-2722)
(-89,-2721)
(-92,-2722)
(-93,-2724)
(-94,-2724)
(-95,-2723)
(-94,-2723)
(-93,-2723)
(-94,-2720)
(-98,-2721)
(-100,-2722)
(-103,-2722)
(-104,-2721)
(-104,-2717)
(-102,-2716)
(-101,-2713)
(-97,-2715)
(-95,-2715)
(-93,-2713)
(-92,-2711)
(-89,-2710)
(-89,-2709)
(-91,-2708)
(-89,-2708)
(-88,-2706)
(-88,-2704)
(-89,-2705)
(-89,-2706)
(-89,-2704)
(-86,-2704)
(-89,-2703)
(-89,-2700)
(-91,-2699)
(-91,-2701)
(-92,-2699)
(-93,-2698)
(-95,-2701)
(-96,-2701)
(-95,-2700)
(-96,-2698)
(-93,-2697)
(-90,-2697)
(-89,-2695)
(-89,-2696)
(-87,-2693)
(-85,-2692)
(-87,-2691)
(-89,-2691)
(-91,-2694)
(-92,-2694)
(-93,-2695)
(-96,-2695)
(-96,-2697)
(-99,-2695)
(-99,-2696)
(-99,-2694)
(-97,-2695)
(-96,-2693)
(-98,-2691)
(-98,-2690)
(-98,-2691)
(-94,-2690)
(-95,-2689)
(-97,-2688)
(-98,-2689)
(-97,-2688)
(-98,-2687)
(-99,-2688)
(-101,-2687)
(-102,-2688)
(-104,-2686)
(-105,-2689)
(-106,-2688)
(-104,-2686)
(-103,-2686)
(-103,-2682)
(-106,-2683)
(-109,-2689)
(-107,-2684)
(-109,-2682)
(-108,-2680)
(-105,-2679)
(-103,-2679)
(-105,-2676)
(-107,-2678)
(-110,-2678)
(-110,-2680)
(-110,-2677)
(-111,-2676)
(-110,-2675)
(-109,-2674)
(-112,-2674)
(-110,-2672)
(-112,-2672)
(-113,-2673)
(-114,-2676)
(-114,-2671)
(-120,-2669)
(-121,-2670)
(-121,-2674)
(-122,-2675)
(-122,-2677)
(-122,-2671)
(-123,-2670)
(-125,-2673)
(-128,-2675)
(-129,-2677)
(-129,-2679)
(-130,-2675)
(-134,-2679)
(-134,-2682)
(-136,-2681)
(-135,-2685)
(-137,-2687)
(-137,-2689)
(-138,-2689)
(-138,-2687)
(-136,-2684)
(-136,-2682)
(-138,-2682)
(-137,-2681)
(-137,-2680)
(-141,-2681)
(-142,-2682)
(-144,-2683)
(-143,-2682)
(-142,-2680)
(-145,-2680)
(-146,-2679)
(-139,-2679)
(-136,-2677)
(-133,-2673)
(-132,-2673)
(-129,-2671)
(-129,-2667)
(-130,-2665)
(-131,-2665)
(-132,-2664)
(-135,-2663)
(-137,-2663)
(-137,-2662)
(-140,-2662)
(-143,-2662)
(-144,-2663)
(-145,-2666)
(-143,-2669)
(-142,-2671)
(-143,-2673)
(-144,-2674)
(-145,-2674)
(-143,-2671)
(-144,-2670)
(-149,-2671)
(-151,-2672)
(-151,-2674)
(-154,-2676)
(-156,-2680)
(-157,-2679)
(-156,-2679)
(-155,-2675)
(-153,-2674)
(-152,-2673)
(-153,-2672)
(-161,-2678)
(-163,-2678)
(-167,-2679)
(-171,-2679)
(-175,-2681)
(-180,-2681)
(-181,-2680)
(-181,-2678)
(-183,-2677)
(-189,-2682)
(-191,-2683)
(-192,-2687)
(-196,-2687)
(-197,-2686)
(-198,-2687)
(-199,-2686)
(-198,-2685)
(-194,-2686)
(-192,-2684)
(-191,-2679)
(-187,-2677)
(-186,-2674)
(-182,-2672)
(-179,-2667)
(-176,-2665)
(-170,-2664)
(-168,-2664)
(-167,-2663)
(-167,-2664)
(-164,-2663)
(-161,-2663)
(-158,-2662)
(-160,-2661)
(-153,-2662)
(-152,-2661)
(-152,-2659)
(-155,-2657)
(-153,-2657)
(-152,-2658)
(-149,-2657)
(-148,-2653)
(-145,-2647)
(-145,-2645)
(-144,-2644)
(-144,-2642)
(-145,-2642)
(-147,-2642)
(-147,-2646)
(-148,-2644)
(-150,-2643)
(-148,-2643)
(-151,-2642)
(-153,-2643)
(-153,-2644)
(-156,-2647)
(-157,-2646)
(-160,-2648)
(-162,-2651)
(-160,-2653)
(-162,-2652)
(-163,-2653)
(-163,-2655)
(-167,-2660)
(-170,-2660)
(-167,-2659)
(-168,-2658)
(-169,-2658)
(-170,-2658)
(-169,-2657)
(-169,-2656)
(-166,-2655)
(-168,-2654)
(-166,-2654)
(-166,-2651)
(-167,-2652)
(-169,-2650)
(-171,-2653)
(-172,-2652)
(-170,-2649)
(-168,-2648)
(-165,-2646)
(-166,-2646)
(-165,-2645)
(-167,-2645)
(-167,-2644)
(-168,-2644)
(-168,-2645)
(-168,-2644)
(-164,-2644)
(-162,-2643)
(-158,-2640)
(-157,-2638)
(-158,-2637)
(-156,-2638)
(-153,-2636)
(-154,-2635)
(-158,-2632)
(-154,-2633)
(-153,-2629)
(-153,-2628)
(-151,-2625)
(-153,-2625)
(-150,-2624)
(-149,-2623)
(-153,-2622)
(-154,-2623)
(-153,-2619)
(-152,-2621)
(-151,-2621)
(-149,-2619)
(-151,-2620)
(-150,-2618)
(-152,-2617)
(-151,-2616)
(-152,-2613)
(-151,-2614)
(-150,-2614)
(-149,-2613)
(-150,-2613)
(-149,-2612)
(-148,-2612)
(-148,-2613)
(-146,-2612)
(-146,-2611)
(-149,-2611)
(-152,-2609)
(-153,-2610)
(-153,-2609)
(-151,-2608)
(-153,-2607)
(-153,-2606)
(-152,-2607)
(-150,-2607)
(-150,-2605)
(-147,-2608)
(-147,-2605)
(-145,-2608)
(-143,-2609)
(-142,-2608)
(-142,-2606)
(-143,-2606)
(-143,-2602)
(-142,-2601)
(-144,-2590)
(-147,-2582)
(-148,-2576)
(-150,-2574)
(-151,-2571)
(-154,-2568)
(-154,-2562)
(-158,-2559)
(-160,-2555)
(-162,-2552)
(-160,-2549)
(-162,-2549)
(-162,-2551)
(-164,-2549)
(-165,-2547)
(-164,-2545)
(-165,-2545)
(-166,-2541)
(-165,-2536)
(-167,-2535)
(-169,-2536)
(-168,-2534)
(-170,-2534)
(-168,-2532)
(-169,-2527)
(-168,-2526)
(-170,-2525)
(-169,-2524)
(-170,-2522)
(-169,-2520)
(-171,-2517)
(-167,-2516)
(-167,-2517)
(-164,-2521)
(-165,-2517)
(-164,-2510)
(-166,-2510)
(-165,-2509)
(-168,-2505)
(-171,-2500)
(-172,-2500)
(-171,-2501)
(-172,-2501)
(-172,-2502)
(-173,-2500)
(-172,-2499)
(-174,-2496)
(-175,-2491)
(-174,-2488)
(-174,-2487)
(-176,-2487)
(-177,-2486)
(-175,-2486)
(-174,-2485)
(-176,-2480)
(-177,-2480)
(-178,-2477)
(-181,-2476)
(-181,-2474)
(-179,-2474)
(-176,-2476)
(-174,-2477)
(-174,-2479)
(-173,-2476)
(-173,-2469)
(-175,-2465)
(-173,-2466)
(-173,-2454)
(-171,-2451)
(-173,-2450)
(-172,-2449)
(-170,-2444)
(-170,-2436)
(-168,-2431)
(-167,-2429)
(-169,-2425)
(-168,-2419)
(-169,-2411)
(-171,-2409)
(-171,-2408)
(-170,-2407)
(-171,-2404)
(-171,-2402)
(-171,-2400)
(-175,-2392)
(-178,-2389)
(-181,-2383)
(-182,-2383)
(-182,-2384)
(-183,-2382)
(-181,-2382)
(-181,-2381)
(-183,-2377)
(-185,-2375)
(-189,-2369)
(-191,-2361)
(-194,-2358)
(-194,-2356)
(-197,-2353)
(-200,-2350)
(-200,-2347)
(-203,-2345)
(-203,-2340)
(-205,-2337)
(-210,-2335)
(-210,-2333)
(-213,-2331)
(-213,-2328)
(-216,-2325)
(-219,-2322)
(-221,-2319)
(-223,-2309)
(-222,-2309)
(-222,-2308)
(-231,-2303)
(-236,-2299)
(-237,-2295)
(-242,-2292)
(-243,-2291)
(-246,-2290)
(-253,-2283)
(-259,-2275)
(-261,-2273)
(-263,-2271)
(-264,-2266)
(-272,-2263)
(-275,-2259)
(-278,-2255)
(-278,-2253)
(-278,-2249)
(-279,-2248)
(-282,-2240)
(-284,-2237)
(-285,-2236)
(-287,-2236)
(-292,-2233)
(-296,-2230)
(-295,-2225)
(-297,-2222)
(-296,-2217)
(-297,-2213)
(-304,-2206)
(-305,-2202)
(-306,-2201)
(-306,-2197)
(-308,-2193)
(-307,-2192)
(-305,-2195)
(-305,-2185)
(-307,-2177)
(-306,-2175)
(-306,-2177)
(-306,-2168)
(-303,-2158)
(-304,-2153)
(-307,-2136)
(-310,-2129)
(-312,-2127)
(-313,-2125)
(-317,-2122)
(-321,-2121)
(-323,-2119)
(-328,-2117)
(-329,-2116)
(-335,-2114)
(-341,-2112)
(-342,-2112)
(-345,-2112)
(-348,-2110)
(-350,-2110)
(-352,-2110)
(-353,-2109)
(-356,-2109)
(-359,-2106)
(-363,-2107)
(-371,-2106)
(-370,-2107)
(-371,-2107)
(-373,-2109)
(-374,-2108)
(-372,-2105)
(-374,-2104)
(-374,-2102)
(-382,-2101)
(-383,-2099)
(-384,-2099)
(-392,-2098)
(-398,-2098)
(-402,-2096)
(-407,-2097)
(-408,-2096)
(-413,-2095)
(-415,-2091)
(-416,-2092)
(-419,-2091)
(-420,-2093)
(-422,-2092)
(-424,-2094)
(-425,-2094)
(-426,-2094)
(-425,-2095)
(-427,-2094)
(-428,-2095)
(-425,-2091)
(-419,-2090)
(-421,-2089)
(-424,-2090)
(-426,-2090)
(-429,-2089)
(-430,-2087)
(-434,-2088)
(-441,-2088)
(-452,-2089)
(-453,-2089)
(-452,-2093)
(-454,-2096)
(-453,-2090)
(-455,-2091)
(-455,-2089)
(-458,-2088)
(-461,-2090)
(-459,-2090)
(-461,-2091)
(-457,-2092)
(-459,-2093)
(-462,-2091)
(-464,-2094)
(-464,-2091)
(-464,-2093)
(-469,-2094)
(-470,-2090)
(-473,-2091)
(-471,-2090)
(-476,-2089)
(-481,-2090)
(-482,-2091)
(-484,-2091)
(-484,-2093)
(-483,-2094)
(-482,-2096)
(-483,-2094)
(-485,-2094)
(-486,-2093)
(-496,-2096)
(-501,-2096)
(-502,-2097)
(-506,-2098)
(-510,-2100)
(-513,-2100)
(-518,-2104)
(-523,-2105)
(-525,-2105)
(-530,-2108)
(-534,-2108)
(-539,-2111)
(-542,-2114)
(-551,-2118)
(-559,-2124)
(-560,-2126)
(-561,-2128)
(-572,-2135)
(-575,-2139)
(-576,-2140)
(-578,-2141)
(-580,-2142)
(-580,-2144)
(-582,-2147)
(-579,-2144)
(-576,-2147)
(-576,-2148)
(-581,-2147)
(-584,-2152)
(-580,-2153)
(-579,-2154)
(-577,-2154)
(-576,-2157)
(-578,-2157)
(-580,-2154)
(-584,-2153)
(-586,-2152)
(-585,-2151)
(-584,-2148)
(-586,-2150)
(-593,-2154)
(-596,-2157)
(-604,-2162)
(-606,-2165)
(-609,-2168)
(-613,-2173)
(-617,-2177)
(-621,-2177)
(-626,-2181)
(-629,-2183)
(-631,-2185)
(-633,-2194)
(-644,-2211)
(-647,-2215)
(-655,-2220)
(-657,-2223)
(-658,-2222)
(-661,-2224)
(-668,-2228)
(-667,-2229)
(-666,-2228)
(-665,-2231)
(-662,-2232)
(-661,-2237)
(-664,-2236)
(-664,-2234)
(-666,-2232)
(-665,-2233)
(-666,-2233)
(-667,-2230)
(-671,-2230)
(-672,-2229)
(-673,-2232)
(-677,-2236)
(-686,-2240)
(-686,-2242)
(-685,-2243)
(-684,-2243)
(-684,-2244)
(-681,-2242)
(-679,-2242)
(-678,-2240)
(-675,-2238)
(-675,-2236)
(-672,-2238)
(-675,-2238)
(-671,-2240)
(-671,-2241)
(-674,-2240)
(-675,-2239)
(-676,-2239)
(-675,-2241)
(-677,-2240)
(-678,-2242)
(-680,-2244)
(-682,-2244)
(-685,-2245)
(-684,-2246)
(-682,-2246)
(-683,-2247)
(-682,-2248)
(-684,-2247)
(-687,-2243)
(-689,-2245)
(-691,-2249)
(-690,-2244)
(-688,-2243)
(-688,-2242)
(-696,-2247)
(-719,-2257)
(-728,-2262)
(-743,-2273)
(-746,-2276)
(-755,-2280)
(-764,-2289)
(-776,-2299)
(-781,-2309)
(-781,-2312)
(-778,-2311)
(-776,-2311)
(-775,-2309)
(-776,-2309)
(-774,-2309)
(-771,-2309)
(-768,-2310)
(-764,-2310)
(-763,-2310)
(-764,-2312)
(-763,-2314)
(-763,-2317)
(-763,-2318)
(-761,-2318)
(-758,-2319)
(-757,-2322)
(-755,-2322)
(-757,-2323)
(-761,-2323)
(-763,-2325)
(-764,-2324)
(-769,-2327)
(-771,-2329)
(-770,-2331)
(-764,-2333)
(-762,-2333)
(-761,-2331)
(-759,-2332)
(-761,-2332)
(-762,-2334)
(-764,-2334)
(-764,-2335)
(-767,-2334)
(-768,-2332)
(-771,-2331)
(-772,-2330)
(-771,-2328)
(-772,-2327)
(-772,-2326)
(-772,-2323)
(-774,-2325)
(-779,-2326)
(-781,-2327)
(-785,-2334)
(-787,-2334)
(-789,-2329)
(-790,-2331)
(-792,-2332)
(-794,-2336)
(-798,-2338)
(-800,-2338)
(-803,-2337)
(-802,-2341)
(-802,-2342)
(-800,-2343)
(-808,-2344)
(-812,-2345)
(-815,-2345)
(-816,-2347)
(-816,-2345)
(-814,-2344)
(-812,-2345)
(-809,-2344)
(-809,-2342)
(-811,-2340)
(-811,-2341)
(-812,-2340)
(-814,-2340)
(-816,-2340)
(-820,-2338)
(-822,-2338)
(-825,-2339)
(-830,-2339)
(-830,-2340)
(-825,-2344)
(-825,-2345)
(-823,-2346)
(-823,-2348)
(-825,-2349)
(-825,-2348)
(-824,-2347)
(-826,-2347)
(-827,-2344)
(-830,-2342)
(-831,-2339)
(-834,-2341)
(-832,-2344)
(-837,-2344)
(-836,-2343)
(-839,-2339)
(-841,-2340)
(-844,-2339)
(-845,-2341)
(-844,-2343)
(-845,-2344)
(-846,-2344)
(-849,-2345)
(-851,-2342)
(-850,-2342)
(-849,-2343)
(-847,-2344)
(-844,-2337)
(-843,-2337)
(-841,-2338)
(-840,-2338)
(-839,-2338)
(-838,-2337)
(-837,-2339)
(-836,-2338)
(-836,-2339)
(-835,-2339)
(-833,-2336)
(-835,-2335)
(-842,-2335)
(-848,-2338)
(-850,-2338)
(-852,-2339)
(-855,-2340)
(-858,-2339)
(-861,-2340)
(-865,-2340)
(-879,-2344)
(-886,-2343)
(-887,-2342)
(-888,-2343)
(-889,-2341)
(-894,-2342)
(-899,-2340)
(-911,-2340)
(-931,-2337)
(-932,-2338)
(-933,-2337)
(-942,-2336)
(-951,-2332)
(-959,-2335)
(-967,-2337)
(-969,-2337)
(-977,-2341)
(-982,-2340)
(-985,-2343)
(-1001,-2346)
(-1006,-2348)
(-1011,-2348)
(-1014,-2347)
(-1020,-2350)
(-1026,-2350)
(-1029,-2352)
(-1037,-2353)
(-1043,-2353)
(-1047,-2351)
(-1055,-2351)
(-1057,-2350)
(-1061,-2348)
(-1070,-2356)
(-1072,-2357)
(-1075,-2365)
(-1077,-2367)
(-1091,-2377)
(-1094,-2379)
(-1111,-2384)
(-1116,-2383)
(-1122,-2385)
(-1135,-2384)
(-1158,-2382)
(-1164,-2382)
(-1178,-2388)
(-1179,-2389)
(-1181,-2395)
(-1185,-2401)
(-1195,-2405)
(-1197,-2409)
(-1198,-2408)
(-1202,-2409)
(-1203,-2411)
(-1207,-2410)
(-1214,-2413)
(-1217,-2414)
(-1216,-2416)
(-1217,-2417)
(-1216,-2418)
(-1214,-2418)
(-1214,-2422)
(-1215,-2421)
(-1216,-2423)
(-1219,-2422)
(-1219,-2420)
(-1220,-2420)
(-1219,-2418)
(-1219,-2416)
(-1223,-2418)
(-1236,-2424)
(-1238,-2426)
(-1237,-2427)
(-1238,-2428)
(-1244,-2432)
(-1245,-2434)
(-1250,-2437)
(-1249,-2439)
(-1251,-2446)
(-1256,-2449)
(-1261,-2449)
(-1266,-2451)
(-1274,-2458)
(-1281,-2458)
(-1289,-2463)
(-1291,-2464)
(-1294,-2463)
(-1297,-2461)
(-1306,-2461)
(-1317,-2458)
(-1319,-2458)
(-1321,-2460)
(-1328,-2472)
(-1335,-2496)
(-1341,-2506)
(-1343,-2507)
(-1345,-2509)
(-1352,-2516)
(-1352,-2518)
(-1354,-2519)
(-1361,-2520)
(-1364,-2519)
(-1366,-2517)
(-1366,-2515)
(-1365,-2515)
(-1364,-2512)
(-1366,-2512)
(-1367,-2515)
(-1369,-2516)
(-1370,-2519)
(-1372,-2520)
(-1373,-2521)
(-1375,-2522)
(-1377,-2522)
(-1376,-2520)
(-1377,-2520)
(-1378,-2521)
(-1379,-2521)
(-1377,-2523)
(-1376,-2554)
(-1377,-2560)
(-1378,-2561)
(-1379,-2582)
(-1377,-2583)
(-1377,-2585)
(-1376,-2588)
(-1375,-2585)
(-1374,-2586)
(-1373,-2588)
(-1369,-2585)
(-1367,-2582)
(-1367,-2584)
(-1366,-2584)
(-1365,-2582)
(-1363,-2581)
(-1361,-2581)
(-1360,-2585)
(-1362,-2586)
(-1362,-2589)
(-1364,-2593)
(-1364,-2594)
(-1365,-2596)
(-1368,-2596)
(-1371,-2594)
(-1370,-2593)
(-1371,-2592)
(-1372,-2594)
(-1373,-2590)
(-1376,-2590)
(-1376,-2589)
(-1378,-2589)
(-1380,-2593)
(-1381,-2605)
(-1383,-2611)
(-1384,-2614)
(-1383,-2615)
(-1383,-2618)
(-1384,-2635)
(-1386,-2640)
(-1384,-2640)
(-1382,-2638)
(-1383,-2634)
(-1382,-2634)
(-1383,-2628)
(-1381,-2616)
(-1379,-2620)
(-1379,-2622)
(-1376,-2625)
(-1376,-2627)
(-1376,-2628)
(-1375,-2628)
(-1375,-2632)
(-1374,-2632)
(-1375,-2635)
(-1376,-2639)
(-1379,-2642)
(-1379,-2643)
(-1377,-2642)
(-1376,-2643)
(-1381,-2646)
(-1382,-2648)
(-1382,-2650)
(-1383,-2651)
(-1383,-2654)
(-1381,-2654)
(-1380,-2656)
(-1381,-2657)
(-1381,-2658)
(-1380,-2658)
(-1381,-2661)
(-1379,-2661)
(-1379,-2659)
(-1378,-2658)
(-1376,-2660)
(-1375,-2659)
(-1375,-2661)
(-1377,-2661)
(-1378,-2662)
(-1376,-2665)
(-1381,-2666)
(-1380,-2668)
(-1383,-2675)
(-1384,-2676)
(-1383,-2676)
(-1383,-2680)
(-1384,-2681)
(-1387,-2682)
(-1388,-2682)
(-1392,-2683)
(-1393,-2682)
(-1392,-2680)
(-1391,-2679)
(-1392,-2677)
(-1394,-2681)
(-1394,-2678)
(-1398,-2679)
(-1395,-2677)
(-1394,-2674)
(-1394,-2673)
(-1395,-2674)
(-1396,-2674)
(-1396,-2672)
(-1398,-2670)
(-1398,-2671)
(-1399,-2673)
(-1401,-2675)
(-1400,-2679)
(-1401,-2683)
(-1402,-2684)
(-1402,-2688)
(-1403,-2690)
(-1402,-2691)
(-1402,-2694)
(-1401,-2693)
(-1400,-2694)
(-1404,-2699)
(-1405,-2703)
(-1406,-2703)
(-1407,-2700)
(-1408,-2703)
(-1411,-2704)
(-1409,-2705)
(-1411,-2706)
(-1409,-2709)
(-1412,-2709)
(-1412,-2713)
(-1415,-2712)
(-1416,-2715)
(-1414,-2718)
(-1417,-2721)
(-1417,-2725)
(-1419,-2726)
(-1422,-2726)
(-1424,-2724)
(-1427,-2723)
(-1430,-2725)
(-1430,-2728)
(-1431,-2730)
(-1428,-2733)
(-1428,-2737)
(-1427,-2738)
(-1427,-2740)
(-1426,-2753)
(-1427,-2759)
(-1430,-2762)
(-1429,-2763)
(-1431,-2769)
(-1433,-2770)
(-1435,-2774)
(-1435,-2772)
(-1432,-2768)
(-1432,-2767)
(-1436,-2770)
(-1440,-2770)
(-1439,-2773)
(-1442,-2776)
(-1442,-2778)
(-1441,-2779)
(-1439,-2776)
(-1435,-2778)
(-1434,-2782)
(-1433,-2782)
(-1432,-2783)
(-1435,-2783)
(-1435,-2785)
(-1436,-2784)
(-1436,-2787)
(-1438,-2785)
(-1439,-2785)
(-1439,-2782)
(-1442,-2783)
(-1441,-2784)
(-1442,-2789)
(-1447,-2798)
(-1455,-2814)
(-1459,-2819)
(-1463,-2820)
(-1465,-2820)
(-1466,-2823)
(-1465,-2823)
(-1467,-2824)
(-1474,-2833)
(-1479,-2844)
(-1481,-2845)
(-1482,-2852)
(-1485,-2857)
(-1488,-2861)
(-1492,-2868)
(-1493,-2868)
(-1494,-2870)
(-1496,-2871)
(-1498,-2873)
(-1501,-2875)
(-1504,-2877)
(-1503,-2880)
(-1502,-2880)
(-1501,-2878)
(-1501,-2882)
(-1502,-2881)
(-1503,-2883)
(-1504,-2883)
(-1505,-2878)
(-1503,-2874)
(-1506,-2874)
(-1512,-2877)
(-1513,-2879)
(-1514,-2881)
(-1521,-2887)
(-1523,-2890)
(-1527,-2892)
(-1528,-2894)
(-1527,-2895)
(-1526,-2895)
(-1522,-2893)
(-1520,-2894)
(-1518,-2891)
(-1518,-2888)
(-1516,-2888)
(-1517,-2889)
(-1518,-2893)
(-1519,-2895)
(-1518,-2897)
(-1520,-2897)
(-1522,-2899)
(-1521,-2900)
(-1520,-2899)
(-1520,-2900)
(-1516,-2900)
(-1515,-2899)
(-1514,-2900)
(-1515,-2901)
(-1517,-2902)
(-1518,-2901)
(-1518,-2902)
(-1518,-2904)
(-1515,-2906)
(-1515,-2907)
(-1519,-2906)
(-1520,-2910)
(-1521,-2906)
(-1522,-2906)
(-1523,-2907)
(-1523,-2906)
(-1526,-2905)
(-1527,-2907)
(-1528,-2907)
(-1529,-2909)
(-1528,-2910)
(-1527,-2918)
(-1521,-2925)
(-1525,-2923)
(-1528,-2921)
(-1528,-2924)
(-1530,-2922)
(-1530,-2917)
(-1531,-2917)
(-1531,-2919)
(-1532,-2917)
(-1533,-2916)
(-1532,-2916)
(-1531,-2911)
(-1532,-2910)
(-1533,-2908)
(-1535,-2910)
(-1535,-2908)
(-1533,-2907)
(-1534,-2905)
(-1533,-2903)
(-1535,-2902)
(-1539,-2907)
(-1547,-2911)
(-1549,-2911)
(-1551,-2912)
(-1551,-2914)
(-1548,-2915)
(-1548,-2916)
(-1549,-2917)
(-1550,-2916)
(-1552,-2915)
(-1550,-2919)
(-1551,-2921)
(-1551,-2924)
(-1552,-2926)
(-1553,-2926)
(-1552,-2923)
(-1553,-2918)
(-1552,-2914)
(-1555,-2914)
(-1563,-2917)
(-1564,-2916)
(-1570,-2915)
(-1571,-2916)
(-1572,-2918)
(-1573,-2919)
(-1575,-2921)
(-1573,-2924)
(-1566,-2926)
(-1564,-2927)
(-1564,-2928)
(-1567,-2927)
(-1568,-2928)
(-1572,-2925)
(-1575,-2925)
(-1577,-2927)
(-1577,-2925)
(-1578,-2927)
(-1579,-2928)
(-1579,-2925)
(-1581,-2923)
(-1582,-2920)
(-1583,-2919)
(-1585,-2918)
(-1586,-2916)
(-1595,-2921)
(-1602,-2921)
(-1604,-2920)
(-1606,-2918)
(-1606,-2915)
(-1607,-2915)
(-1609,-2916)
(-1610,-2917)
(-1613,-2918)
(-1615,-2917)
(-1620,-2917)
(-1621,-2914)
(-1625,-2915)
(-1626,-2917)
(-1627,-2917)
(-1630,-2914)
(-1629,-2912)
(-1627,-2911)
(-1630,-2909)
(-1631,-2910)
(-1633,-2909)
(-1633,-2912)
(-1632,-2911)
(-1631,-2912)
(-1635,-2917)
(-1639,-2916)
(-1639,-2914)
(-1643,-2913)
(-1642,-2914)
(-1645,-2915)
(-1646,-2917)
(-1648,-2919)
(-1654,-2916)
(-1655,-2914)
(-1657,-2915)
(-1656,-2916)
(-1659,-2919)
(-1663,-2918)
(-1665,-2916)
(-1666,-2918)
(-1670,-2914)
(-1671,-2915)
(-1672,-2914)
(-1679,-2917)
(-1682,-2916)
(-1685,-2918)
(-1691,-2919)
(-1694,-2919)
(-1694,-2918)
(-1697,-2921)
(-1701,-2921)
(-1703,-2924)
(-1709,-2925)
(-1710,-2927)
(-1706,-2929)
(-1703,-2928)
(-1699,-2932)
(-1701,-2932)
(-1704,-2932)
(-1705,-2932)
(-1706,-2930)
(-1709,-2931)
(-1711,-2928)
(-1712,-2927)
(-1711,-2925)
(-1712,-2925)
(-1714,-2926)
(-1715,-2928)
(-1717,-2929)
(-1720,-2938)
(-1730,-2953)
(-1738,-2963)
(-1747,-2973)
(-1760,-2982)
(-1762,-2985)
(-1774,-2993)
(-1786,-3000)
(-1790,-3003)
(-1795,-3005)
(-1798,-3006)
(-1801,-3007)
(-1804,-3009)
(-1807,-3010)
(-1810,-3011)
(-1813,-3013)
(-1816,-3013)
(-1819,-3014)
(-1822,-3016)
(-1824,-3017)
(-1828,-3019)
(-1830,-3020)
(-1833,-3022)
(-1835,-3024)
(-1838,-3026)
(-1841,-3028)
(-1844,-3030)
(-1846,-3032)
(-1849,-3034)
(-1852,-3035)
(-1854,-3037)
(-1857,-3039)
(-1860,-3041)
(-1874,-3053)
(-1885,-3064)
(-1903,-3088)
(-1917,-3113)
(-1925,-3119)
(-1928,-3123)
(-1930,-3124)
(-1928,-3125)
(-1922,-3122)
(-1919,-3123)
(-1917,-3121)
(-1911,-3125)
(-1910,-3125)
(-1909,-3122)
(-1910,-3118)
(-1912,-3116)
(-1913,-3114)
(-1912,-3111)
(-1910,-3109)
(-1908,-3110)
(-1908,-3102)
(-1902,-3095)
(-1897,-3091)
(-1895,-3089)
(-1897,-3087)
(-1894,-3088)
(-1890,-3086)
(-1891,-3085)
(-1892,-3081)
(-1891,-3079)
(-1888,-3075)
(-1884,-3071)
(-1877,-3069)
(-1869,-3070)
(-1865,-3070)
(-1864,-3068)
(-1865,-3065)
(-1864,-3061)
(-1868,-3060)
(-1868,-3059)
(-1866,-3058)
(-1865,-3056)
(-1864,-3059)
(-1863,-3059)
(-1856,-3057)
(-1854,-3059)
(-1854,-3054)
(-1847,-3044)
(-1844,-3042)
(-1836,-3040)
(-1833,-3041)
(-1828,-3041)
(-1823,-3044)
(-1821,-3041)
(-1824,-3038)
(-1826,-3039)
(-1827,-3038)
(-1829,-3036)
(-1827,-3034)
(-1824,-3034)
(-1822,-3033)
(-1816,-3032)
(-1811,-3037)
(-1811,-3038)
(-1813,-3040)
(-1813,-3041)
(-1814,-3041)
(-1815,-3039)
(-1818,-3040)
(-1817,-3046)
(-1819,-3047)
(-1820,-3048)
(-1819,-3055)
(-1824,-3056)
(-1826,-3055)
(-1826,-3056)
(-1824,-3059)
(-1823,-3062)
(-1821,-3063)
(-1818,-3061)
(-1816,-3061)
(-1816,-3063)
(-1814,-3064)
(-1816,-3068)
(-1814,-3069)
(-1814,-3070)
(-1812,-3071)
(-1811,-3074)
(-1809,-3073)
(-1806,-3075)
(-1803,-3074)
(-1803,-3076)
(-1801,-3076)
(-1801,-3077)
(-1805,-3078)
(-1806,-3077)
(-1809,-3079)
(-1811,-3078)
(-1813,-3080)
(-1814,-3077)
(-1815,-3076)
(-1817,-3077)
(-1818,-3077)
(-1818,-3075)
(-1819,-3074)
(-1818,-3072)
(-1822,-3071)
(-1822,-3070)
(-1821,-3066)
(-1822,-3065)
(-1824,-3067)
(-1825,-3068)
(-1824,-3069)
(-1824,-3071)
(-1824,-3072)
(-1830,-3076)
(-1837,-3078)
(-1845,-3076)
(-1848,-3076)
(-1848,-3077)
(-1847,-3079)
(-1846,-3077)
(-1839,-3079)
(-1838,-3080)
(-1839,-3082)
(-1840,-3083)
(-1845,-3083)
(-1853,-3081)
(-1853,-3087)
(-1857,-3089)
(-1863,-3089)
(-1865,-3087)
(-1868,-3097)
(-1873,-3099)
(-1876,-3098)
(-1876,-3108)
(-1879,-3112)
(-1879,-3115)
(-1879,-3116)
(-1880,-3118)
(-1882,-3116)
(-1883,-3119)
(-1885,-3120)
(-1893,-3120)
(-1895,-3119)
(-1898,-3120)
(-1898,-3121)
(-1894,-3122)
(-1894,-3125)
(-1896,-3126)
(-1897,-3124)
(-1896,-3123)
(-1898,-3122)
(-1901,-3125)
(-1904,-3133)
(-1906,-3133)
(-1908,-3132)
(-1909,-3133)
(-1910,-3133)
(-1911,-3135)
(-1913,-3134)
(-1913,-3132)
(-1916,-3128)
(-1918,-3134)
(-1923,-3135)
(-1923,-3132)
(-1925,-3134)
(-1926,-3133)
(-1924,-3129)
(-1922,-3127)
(-1922,-3125)
(-1923,-3125)
(-1924,-3128)
(-1927,-3130)
(-1928,-3129)
(-1924,-3125)
(-1927,-3126)
(-1930,-3125)
(-1935,-3134)
(-1950,-3142)
(-1973,-3150)
(-1988,-3158)
(-1995,-3164)
(-2000,-3170)
(-2012,-3186)
(-2019,-3194)
(-2024,-3202)