574
(2270,7601)
(2269,7600)
(2267,7599)
(2266,7595)
(2271,7586)
(2273,7584)
(2273,7583)
(2270,7575)
(2271,7573)
(2269,7569)
(2266,7570)
(2264,7569)
(2264,7568)
(2265,7566)
(2267,7566)
(2268,7563)
(2272,7563)
(2271,7561)
(2274,7559)
(2274,7558)
(2273,7557)
(2272,7558)
(2270,7559)
(2269,7559)
(2270,7555)
(2276,7550)
(2277,7548)
(2279,7548)
(2280,7542)
(2281,7540)
(2282,7535)
(2281,7534)
(2279,7536)
(2279,7537)
(2278,7539)
(2279,7541)
(2277,7541)
(2277,7543)
(2275,7542)
(2275,7544)
(2273,7540)
(2275,7538)
(2271,7538)
(2270,7538)
(2269,7539)
(2268,7537)
(2267,7537)
(2265,7537)
(2266,7535)
(2267,7535)
(2267,7533)
(2266,7532)
(2268,7531)
(2263,7528)
(2263,7523)
(2260,7521)
(2263,7520)
(2265,7522)
(2265,7524)
(2266,7527)
(2266,7523)
(2267,7523)
(2268,7523)
(2269,7526)
(2269,7529)
(2268,7530)
(2269,7531)
(2270,7532)
(2270,7529)
(2271,7529)
(2273,7531)
(2274,7528)
(2275,7527)
(2273,7526)
(2273,7523)
(2272,7526)
(2271,7527)
(2272,7522)
(2271,7521)
(2271,7523)
(2268,7519)
(2269,7518)
(2269,7514)
(2273,7519)
(2274,7517)
(2274,7515)
(2276,7515)
(2276,7514)
(2273,7513)
(2272,7510)
(2274,7501)
(2276,7501)
(2275,7499)
(2277,7500)
(2278,7504)
(2278,7506)
(2278,7510)
(2279,7511)
(2279,7509)
(2279,7506)
(2282,7506)
(2283,7512)
(2281,7513)
(2281,7515)
(2284,7516)
(2285,7508)
(2284,7501)
(2285,7497)
(2287,7495)
(2288,7493)
(2286,7492)
(2286,7487)
(2287,7480)
(2288,7480)
(2288,7484)
(2291,7487)
(2291,7489)
(2293,7491)
(2294,7492)
(2293,7494)
(2291,7496)
(2293,7499)
(2294,7498)
(2293,7495)
(2295,7492)
(2300,7492)
(2308,7497)
(2306,7499)
(2310,7501)
(2312,7499)
(2315,7500)
(2315,7504)
(2313,7503)
(2313,7505)
(2314,7506)
(2315,7508)
(2317,7508)
(2319,7507)
(2320,7507)
(2317,7511)
(2320,7512)
(2319,7513)
(2320,7516)
(2319,7519)
(2320,7520)
(2321,7526)
(2322,7527)
(2321,7531)
(2319,7531)
(2321,7533)
(2318,7536)
(2318,7539)
(2319,7538)
(2319,7536)
(2322,7532)
(2323,7529)
(2327,7527)
(2325,7525)
(2324,7526)
(2323,7525)
(2322,7522)
(2324,7522)
(2322,7520)
(2324,7518)
(2322,7518)
(2322,7517)
(2323,7514)
(2325,7516)
(2327,7514)
(2328,7514)
(2324,7513)
(2327,7512)
(2327,7509)
(2328,7508)
(2333,7509)
(2335,7512)
(2336,7511)
(2339,7514)
(2340,7513)
(2344,7516)
(2345,7520)
(2347,7517)
(2349,7517)
(2350,7520)
(2351,7520)
(2353,7522)
(2353,7525)
(2354,7523)
(2358,7527)
(2359,7525)
(2361,7525)
(2362,7524)
(2362,7526)
(2363,7527)
(2364,7522)
(2364,7521)
(2366,7523)
(2366,7521)
(2367,7520)
(2369,7523)
(2372,7524)
(2373,7527)
(2375,7527)
(2371,7517)
(2374,7514)
(2374,7513)
(2375,7513)
(2375,7510)
(2374,7510)
(2373,7507)
(2376,7506)
(2376,7503)
(2378,7500)
(2378,7498)
(2380,7497)
(2379,7496)
(2379,7495)
(2382,7493)
(2383,7491)
(2383,7488)
(2387,7485)
(2386,7484)
(2384,7485)
(2382,7484)
(2381,7485)
(2378,7485)
(2378,7482)
(2376,7477)
(2377,7477)
(2381,7479)
(2383,7475)
(2386,7475)
(2387,7474)
(2389,7474)
(2389,7465)
(2392,7464)
(2392,7462)
(2395,7459)
(2396,7462)
(2401,7463)
(2401,7466)
(2401,7468)
(2401,7470)
(2403,7463)
(2406,7462)
(2413,7473)
(2415,7473)
(2417,7477)
(2418,7483)
(2422,7485)
(2425,7490)
(2429,7493)
(2427,7495)
(2427,7502)
(2428,7503)
(2431,7500)
(2432,7502)
(2433,7505)
(2435,7509)
(2436,7515)
(2437,7515)
(2439,7517)
(2439,7519)
(2438,7520)
(2438,7522)
(2437,7524)
(2440,7525)
(2440,7528)
(2443,7528)
(2443,7533)
(2446,7533)
(2447,7535)
(2446,7536)
(2445,7537)
(2446,7541)
(2448,7539)
(2449,7539)
(2452,7542)
(2452,7544)
(2453,7546)
(2452,7549)
(2454,7553)
(2454,7555)
(2453,7556)
(2454,7561)
(2455,7559)
(2456,7562)
(2458,7564)
(2460,7564)
(2460,7566)
(2461,7566)
(2463,7568)
(2465,7567)
(2466,7571)
(2469,7577)
(2473,7579)
(2474,7581)
(2476,7582)
(2481,7587)
(2482,7590)
(2480,7590)
(2481,7592)
(2486,7590)
(2490,7593)
(2494,7595)
(2497,7594)
(2498,7596)
(2500,7597)
(2500,7600)
(2502,7603)
(2503,7601)
(2504,7602)
(2502,7607)
(2504,7608)
(2504,7611)
(2507,7614)
(2508,7616)
(2506,7616)
(2504,7622)
(2501,7625)
(2500,7622)
(2499,7622)
(2498,7626)
(2497,7626)
(2496,7628)
(2495,7631)
(2492,7626)
(2491,7628)
(2492,7630)
(2491,7631)
(2491,7633)
(2490,7634)
(2490,7637)
(2488,7636)
(2488,7652)
(2486,7653)
(2484,7658)
(2485,7659)
(2484,7671)
(2486,7672)
(2486,7674)
(2487,7676)
(2485,7679)
(2487,7680)
(2485,7681)
(2484,7681)
(2485,7683)
(2483,7683)
(2483,7685)
(2484,7686)
(2482,7687)
(2485,7692)
(2495,7698)
(2499,7696)
(2502,7690)
(2506,7688)
(2508,7686)
(2515,7684)
(2520,7684)
(2522,7700)
(2522,7705)
(2520,7708)
(2520,7710)
(2520,7714)
(2521,7716)
(2522,7718)
(2521,7721)
(2523,7724)
(2521,7736)
(2525,7737)
(2526,7742)
(2528,7744)
(2528,7747)
(2533,7753)
(2534,7752)
(2534,7751)
(2538,7753)
(2539,7751)
(2539,7754)
(2540,7754)
(2541,7753)
(2542,7754)
(2543,7758)
(2545,7758)
(2545,7761)
(2546,7760)
(2547,7761)
(2546,7762)
(2546,7767)
(2542,7772)
(2544,7774)
(2545,7776)
(2546,7775)
(2547,7776)
(2546,7780)
(2546,7782)
(2549,7784)
(2554,7784)
(2556,7786)
(2557,7785)
(2558,7785)
(2559,7786)
(2560,7787)
(2562,7785)
(2571,7788)
(2575,7791)
(2578,7791)
(2578,7794)
(2579,7793)
(2580,7795)
(2579,7797)
(2577,7803)
(2579,7806)
(2578,7808)
(2575,7806)
(2574,7815)
(2563,7815)
(2556,7823)
(2556,7826)
(2553,7826)
(2553,7827)
(2553,7828)
(2556,7828)
(2556,7831)
(2549,7833)
(2548,7834)
(2546,7834)
(2545,7836)
(2543,7839)
(2539,7839)
(2537,7841)
(2535,7836)
(2537,7836)
(2538,7835)
(2539,7829)
(2538,7826)
(2539,7824)
(2536,7823)
(2535,7824)
(2534,7822)
(2531,7820)
(2531,7818)
(2533,7818)
(2530,7813)
(2526,7812)
(2525,7810)
(2524,7810)
(2524,7806)
(2523,7805)
(2523,7803)
(2520,7802)
(2520,7800)
(2519,7799)
(2518,7800)
(2517,7799)
(2513,7798)
(2514,7794)
(2512,7793)
(2508,7793)
(2506,7791)
(2505,7787)
(2500,7784)
(2499,7782)
(2493,7780)
(2489,7780)
(2486,7782)
(2482,7788)
(2477,7785)
(2475,7785)
(2471,7783)
(2459,7783)
(2456,7785)
(2450,7783)
(2449,7774)
(2447,7772)
(2447,7769)
(2444,7761)
(2441,7759)
(2440,7758)
(2442,7756)
(2441,7753)
(2433,7750)
(2428,7746)
(2427,7739)
(2422,7733)
(2418,7719)
(2416,7718)
(2413,7721)
(2411,7719)
(2410,7716)
(2408,7711)
(2405,7703)
(2402,7700)
(2401,7699)
(2403,7697)
(2404,7695)
(2402,7694)
(2401,7689)
(2402,7688)
(2402,7680)
(2401,7680)
(2398,7676)
(2398,7674)
(2393,7672)
(2393,7667)
(2392,7668)
(2391,7667)
(2391,7663)
(2389,7661)
(2388,7660)
(2389,7657)
(2387,7654)
(2383,7650)
(2379,7650)
(2378,7653)
(2376,7655)
(2370,7652)
(2358,7654)
(2358,7652)
(2359,7651)
(2362,7652)
(2365,7651)
(2366,7649)
(2365,7647)
(2363,7646)
(2364,7645)
(2362,7642)
(2361,7645)
(2362,7647)
(2361,7648)
(2360,7645)
(2360,7643)
(2358,7644)
(2355,7642)
(2353,7643)
(2350,7647)
(2350,7648)
(2352,7649)
(2348,7652)
(2349,7657)
(2347,7659)
(2347,7666)
(2339,7671)
(2338,7673)
(2338,7675)
(2336,7675)
(2335,7678)
(2332,7680)
(2329,7687)
(2325,7691)
(2323,7692)
(2325,7697)
(2321,7702)
(2317,7702)
(2315,7698)
(2310,7699)
(2306,7697)
(2301,7691)
(2299,7684)
(2299,7674)
(2298,7670)
(2300,7667)
(2299,7654)
(2298,7650)
(2300,7644)
(2299,7633)
(2297,7626)
(2293,7619)
(2288,7617)
(2286,7613)
(2280,7608)
(2277,7605)
(2277,7601)
(2270,7601)