667
(-237,670)
(-231,662)
(-225,659)
(-222,659)
(-219,656)
(-212,648)
(-205,639)
(-204,638)
(-201,639)
(-199,638)
(-194,632)
(-190,629)
(-175,614)
(-173,610)
(-159,593)
(-156,591)
(-147,582)
(-151,587)
(-150,589)
(-148,590)
(-150,590)
(-150,591)
(-153,591)
(-152,594)
(-153,596)
(-155,596)
(-156,596)
(-155,598)
(-158,598)
(-157,600)
(-158,601)
(-157,602)
(-155,603)
(-155,609)
(-154,610)
(-153,608)
(-151,608)
(-151,606)
(-150,605)
(-154,606)
(-154,605)
(-151,603)
(-150,601)
(-153,600)
(-154,599)
(-153,598)
(-150,597)
(-150,598)
(-150,599)
(-149,595)
(-145,593)
(-146,589)
(-149,586)
(-146,583)
(-145,585)
(-144,583)
(-143,584)
(-143,582)
(-145,583)
(-146,582)
(-143,579)
(-143,578)
(-146,580)
(-143,577)
(-140,575)
(-133,574)
(-124,565)
(-121,564)
(-121,563)
(-117,561)
(-112,556)
(-112,557)
(-114,559)
(-114,561)
(-115,561)
(-115,562)
(-113,562)
(-115,563)
(-116,563)
(-115,563)
(-115,567)
(-115,568)
(-117,569)
(-119,568)
(-120,570)
(-122,570)
(-124,572)
(-123,574)
(-122,574)
(-120,573)
(-118,570)
(-117,570)
(-116,571)
(-112,569)
(-111,568)
(-112,567)
(-111,566)
(-113,566)
(-110,564)
(-109,562)
(-113,560)
(-112,558)
(-111,559)
(-110,557)
(-111,555)
(-107,555)
(-104,555)
(-96,553)
(-80,542)
(-74,539)
(-79,541)
(-81,545)
(-83,545)
(-84,547)
(-88,549)
(-90,552)
(-92,556)
(-97,556)
(-99,556)
(-101,557)
(-100,558)
(-98,557)
(-99,559)
(-98,559)
(-97,564)
(-99,563)
(-100,565)
(-99,565)
(-96,565)
(-97,574)
(-95,570)
(-93,569)
(-89,569)
(-88,567)
(-89,566)
(-91,566)
(-94,564)
(-95,559)
(-94,557)
(-91,557)
(-90,555)
(-88,555)
(-88,557)
(-86,558)
(-85,557)
(-84,560)
(-80,561)
(-78,560)
(-77,559)
(-81,560)
(-82,560)
(-83,558)
(-82,556)
(-85,554)
(-84,552)
(-85,551)
(-83,549)
(-81,550)
(-80,549)
(-82,547)
(-78,542)
(-76,541)
(-74,541)
(-73,542)
(-71,542)
(-70,540)
(-71,541)
(-73,540)
(-67,538)
(-59,532)
(-61,535)
(-60,535)
(-60,534)
(-58,536)
(-58,532)
(-55,532)
(-56,530)
(-53,530)
(-49,527)
(-43,525)
(-38,523)
(-36,522)
(-34,523)
(-37,523)
(-36,525)
(-38,525)
(-38,527)
(-43,528)
(-45,528)
(-46,530)
(-48,531)
(-47,531)
(-43,532)
(-44,535)
(-42,533)
(-41,534)
(-41,536)
(-45,538)
(-48,540)
(-53,540)
(-51,541)
(-47,541)
(-44,543)
(-43,543)
(-41,545)
(-40,545)
(-40,546)
(-41,547)
(-39,547)
(-38,545)
(-36,546)
(-31,551)
(-21,558)
(-13,558)
(-7,561)
(-2,560)
(1,561)
(11,559)
(19,558)
(22,561)
(20,562)
(17,563)
(15,562)
(13,563)
(11,561)
(11,562)
(12,563)
(12,565)
(11,566)
(10,568)
(8,568)
(6,568)
(6,570)
(10,569)
(11,570)
(10,574)
(8,575)
(7,575)
(8,576)
(9,578)
(8,580)
(8,583)
(6,585)
(2,587)
(1,589)
(6,586)
(8,586)
(8,588)
(7,589)
(9,591)
(11,595)
(10,598)
(11,602)
(11,599)
(13,596)
(11,591)
(11,587)
(13,583)
(13,581)
(17,575)
(19,574)
(18,573)
(18,571)
(17,570)
(29,564)
(32,561)
(32,558)
(37,559)
(38,562)
(39,565)
(39,567)
(40,572)
(39,574)
(37,574)
(37,570)
(36,568)
(36,571)
(35,573)
(34,573)
(34,574)
(36,575)
(29,575)
(28,576)
(31,576)
(33,578)
(36,578)
(38,577)
(47,578)
(49,577)
(51,576)
(56,575)
(57,574)
(59,574)
(61,576)
(61,577)
(61,579)
(63,580)
(63,584)
(62,586)
(58,588)
(60,588)
(60,588)
(60,589)
(60,593)
(60,596)
(60,599)
(60,603)
(60,606)
(60,609)
(60,612)
(60,616)
(60,619)
(60,622)
(60,625)
(60,629)
(60,632)
(60,635)
(60,639)
(60,642)
(60,645)
(60,648)
(60,652)
(60,655)
(60,658)
(60,662)
(60,665)
(60,668)
(60,671)
(60,675)
(60,678)
(60,681)
(62,681)
(65,681)
(68,681)
(71,681)
(75,681)
(78,681)
(81,681)
(84,681)
(88,681)
(91,681)
(94,681)
(98,681)
(101,681)
(104,681)
(107,681)
(111,681)
(114,681)
(117,681)
(120,681)
(124,681)
(127,681)
(130,680)
(130,680)
(134,681)
(136,682)
(138,682)
(139,696)
(140,701)
(137,705)
(138,715)
(137,733)
(139,740)
(137,744)
(138,749)
(137,754)
(136,756)
(134,765)
(135,768)
(136,769)
(134,772)
(135,773)
(135,780)
(135,783)
(135,785)
(137,788)
(137,790)
(136,792)
(136,796)
(134,797)
(133,798)
(130,798)
(130,798)
(123,797)
(119,793)
(117,793)
(114,791)
(114,790)
(112,791)
(109,792)
(107,790)
(106,790)
(105,789)
(104,790)
(102,789)
(100,788)
(97,789)
(95,788)
(92,789)
(92,791)
(90,791)
(87,793)
(86,793)
(86,794)
(83,795)
(81,794)
(80,795)
(78,793)
(77,791)
(75,790)
(75,789)
(74,790)
(73,792)
(74,799)
(76,799)
(76,802)
(78,802)
(78,805)
(76,811)
(77,812)
(77,814)
(80,816)
(80,818)
(81,819)
(82,823)
(83,825)
(82,827)
(86,828)
(86,834)
(85,839)
(85,840)
(83,844)
(84,848)
(83,852)
(79,857)
(78,858)
(75,858)
(72,861)
(69,861)
(66,864)
(63,864)
(59,866)
(56,870)
(54,870)
(53,868)
(51,869)
(48,868)
(47,866)
(45,865)
(41,862)
(38,863)
(32,854)
(33,850)
(34,849)
(32,845)
(30,844)
(29,845)
(26,844)
(23,838)
(17,836)
(13,833)
(8,835)
(4,835)
(3,837)
(1,836)
(0,837)
(-1,840)
(-3,840)
(-5,841)
(-6,838)
(-6,835)
(-8,833)
(-9,834)
(-15,841)
(-16,843)
(-14,844)
(-15,846)
(-17,847)
(-17,849)
(-22,851)
(-27,852)
(-25,854)
(-26,856)
(-26,857)
(-25,858)
(-26,861)
(-28,865)
(-29,867)
(-31,867)
(-31,869)
(-36,871)
(-37,872)
(-38,872)
(-40,872)
(-44,869)
(-48,868)
(-50,869)
(-52,869)
(-56,866)
(-62,866)
(-68,868)
(-70,868)
(-72,869)
(-74,870)
(-77,870)
(-79,868)
(-81,868)
(-83,871)
(-85,871)
(-86,871)
(-87,869)
(-89,869)
(-90,868)
(-92,870)
(-93,870)
(-94,868)
(-96,866)
(-97,864)
(-98,866)
(-101,866)
(-101,869)
(-102,867)
(-105,866)
(-108,867)
(-112,866)
(-114,867)
(-116,864)
(-117,860)
(-118,859)
(-119,856)
(-121,856)
(-123,857)
(-129,856)
(-130,854)
(-132,854)
(-133,852)
(-135,850)
(-135,851)
(-137,852)
(-138,854)
(-141,856)
(-142,853)
(-144,850)
(-146,850)
(-150,847)
(-150,845)
(-149,845)
(-150,841)
(-148,840)
(-150,836)
(-148,833)
(-145,833)
(-144,835)
(-143,835)
(-141,837)
(-140,834)
(-138,834)
(-134,831)
(-129,829)
(-126,826)
(-129,824)
(-131,824)
(-138,818)
(-140,818)
(-140,816)
(-142,814)
(-144,811)
(-146,810)
(-145,806)
(-146,804)
(-142,793)
(-143,789)
(-140,783)
(-143,780)
(-140,781)
(-138,781)
(-137,783)
(-136,781)
(-135,781)
(-131,779)
(-132,777)
(-131,776)
(-129,774)
(-127,775)
(-126,774)
(-125,775)
(-123,773)
(-120,771)
(-117,771)
(-116,770)
(-114,770)
(-113,768)
(-113,766)
(-111,764)
(-109,760)
(-110,758)
(-109,755)
(-112,751)
(-113,752)
(-115,751)
(-113,748)
(-112,748)
(-113,747)
(-116,748)
(-122,747)
(-125,749)
(-126,752)
(-130,749)
(-134,750)
(-138,748)
(-140,748)
(-141,750)
(-146,750)
(-146,725)
(-145,722)
(-141,719)
(-140,717)
(-142,715)
(-143,708)
(-146,705)
(-146,704)
(-144,704)
(-144,701)
(-141,701)
(-140,697)
(-140,695)
(-146,696)
(-150,696)
(-153,698)
(-157,699)
(-163,697)
(-168,693)
(-171,693)
(-171,695)
(-170,695)
(-167,698)
(-170,709)
(-173,711)
(-177,712)
(-177,711)
(-181,708)
(-183,705)
(-185,704)
(-192,711)
(-197,720)
(-198,720)
(-201,718)
(-207,718)
(-209,716)
(-210,712)
(-212,712)
(-215,712)
(-219,716)
(-221,716)
(-224,712)
(-220,705)
(-207,697)
(-205,694)
(-205,692)
(-206,689)
(-211,689)
(-215,686)
(-216,681)
(-221,674)
(-226,672)
(-228,673)
(-237,670)