1017
(1798,2912)
(1800,2907)
(1804,2906)
(1808,2903)
(1811,2905)
(1813,2904)
(1820,2897)
(1820,2892)
(1825,2890)
(1828,2884)
(1829,2882)
(1860,2882)
(1860,2862)
(1884,2862)
(1908,2872)
(1912,2867)
(1914,2867)
(1916,2864)
(1921,2861)
(1921,2860)
(1923,2858)
(1925,2858)
(1927,2855)
(1927,2854)
(1929,2853)
(1929,2850)
(1934,2852)
(1940,2845)
(1943,2846)
(1944,2846)
(1949,2841)
(1949,2839)
(1949,2837)
(1948,2835)
(1948,2828)
(1956,2817)
(1961,2810)
(1962,2807)
(1966,2804)
(1976,2785)
(1978,2777)
(1977,2770)
(1978,2766)
(1980,2766)
(1982,2768)
(1984,2769)
(1985,2766)
(1985,2763)
(1986,2763)
(1987,2763)
(1987,2767)
(1991,2771)
(1992,2772)
(1992,2771)
(1996,2771)
(2003,2763)
(2006,2763)
(2010,2760)
(2010,2758)
(2009,2757)
(2009,2752)
(2011,2753)
(2013,2757)
(2016,2754)
(2018,2754)
(2018,2750)
(2015,2746)
(2016,2745)
(2018,2745)
(2020,2742)
(2023,2739)
(2027,2738)
(2028,2736)
(2037,2730)
(2037,2727)
(2038,2724)
(2041,2728)
(2045,2728)
(2049,2734)
(2051,2733)
(2054,2734)
(2059,2735)
(2061,2732)
(2060,2729)
(2067,2726)
(2068,2727)
(2068,2730)
(2070,2731)
(2071,2732)
(2074,2731)
(2075,2731)
(2076,2732)
(2075,2734)
(2074,2737)
(2074,2739)
(2073,2743)
(2075,2744)
(2076,2743)
(2080,2743)
(2083,2739)
(2084,2739)
(2086,2742)
(2089,2742)
(2091,2746)
(2095,2746)
(2094,2751)
(2094,2752)
(2096,2752)
(2098,2754)
(2102,2753)
(2103,2755)
(2106,2756)
(2104,2761)
(2103,2762)
(2105,2765)
(2106,2769)
(2107,2770)
(2110,2769)
(2111,2771)
(2113,2772)
(2115,2767)
(2119,2769)
(2120,2768)
(2124,2763)
(2130,2759)
(2132,2760)
(2135,2759)
(2135,2761)
(2141,2761)
(2142,2763)
(2142,2769)
(2143,2772)
(2143,2774)
(2147,2780)
(2148,2781)
(2150,2780)
(2150,2779)
(2149,2776)
(2148,2771)
(2149,2769)
(2151,2768)
(2152,2765)
(2151,2762)
(2150,2754)
(2149,2752)
(2149,2746)
(2156,2740)
(2160,2733)
(2161,2730)
(2159,2723)
(2159,2721)
(2161,2720)
(2165,2722)
(2169,2719)
(2174,2719)
(2175,2717)
(2177,2718)
(2178,2716)
(2183,2717)
(2186,2714)
(2185,2709)
(2186,2705)
(2190,2704)
(2192,2701)
(2194,2702)
(2196,2702)
(2199,2704)
(2201,2704)
(2205,2701)
(2206,2698)
(2207,2697)
(2207,2692)
(2208,2691)
(2210,2691)
(2213,2694)
(2216,2694)
(2218,2693)
(2221,2695)
(2223,2692)
(2223,2690)
(2224,2689)
(2225,2687)
(2227,2686)
(2229,2687)
(2234,2686)
(2236,2689)
(2238,2689)
(2241,2685)
(2243,2683)
(2243,2680)
(2246,2679)
(2247,2675)
(2249,2676)
(2254,2676)
(2256,2677)
(2257,2675)
(2259,2673)
(2262,2677)
(2264,2677)
(2266,2675)
(2267,2672)
(2266,2667)
(2269,2667)
(2269,2665)
(2272,2664)
(2273,2660)
(2272,2657)
(2274,2653)
(2281,2656)
(2282,2657)
(2286,2659)
(2286,2661)
(2288,2661)
(2290,2663)
(2296,2664)
(2299,2668)
(2301,2669)
(2304,2666)
(2302,2663)
(2303,2658)
(2307,2658)
(2311,2659)
(2318,2659)
(2320,2656)
(2322,2657)
(2323,2656)
(2330,2658)
(2332,2657)
(2332,2655)
(2334,2652)
(2337,2652)
(2340,2650)
(2342,2652)
(2345,2651)
(2348,2653)
(2352,2646)
(2354,2646)
(2355,2645)
(2357,2646)
(2363,2642)
(2365,2644)
(2365,2647)
(2364,2648)
(2365,2652)
(2365,2654)
(2363,2658)
(2365,2665)
(2367,2666)
(2374,2666)
(2379,2669)
(2382,2668)
(2387,2676)
(2383,2681)
(2382,2684)
(2378,2688)
(2383,2686)
(2381,2688)
(2378,2688)
(2377,2690)
(2377,2692)
(2376,2693)
(2369,2696)
(2367,2697)
(2366,2697)
(2365,2700)
(2362,2704)
(2357,2708)
(2353,2709)
(2351,2716)
(2352,2719)
(2350,2719)
(2350,2721)
(2348,2721)
(2346,2723)
(2344,2724)
(2343,2726)
(2341,2725)
(2340,2726)
(2338,2732)
(2338,2734)
(2337,2737)
(2336,2746)
(2333,2753)
(2333,2757)
(2333,2763)
(2331,2768)
(2330,2770)
(2335,2781)
(2333,2785)
(2332,2792)
(2334,2793)
(2339,2799)
(2341,2800)
(2342,2804)
(2345,2805)
(2349,2810)
(2350,2814)
(2349,2817)
(2352,2822)
(2355,2823)
(2358,2826)
(2363,2838)
(2368,2844)
(2370,2848)
(2371,2852)
(2373,2855)
(2378,2866)
(2381,2868)
(2381,2876)
(2383,2879)
(2381,2883)
(2376,2888)
(2366,2900)
(2363,2902)
(2361,2896)
(2360,2891)
(2358,2889)
(2356,2887)
(2353,2888)
(2349,2893)
(2347,2897)
(2342,2900)
(2340,2898)
(2339,2896)
(2337,2884)
(2336,2884)
(2334,2881)
(2330,2881)
(2326,2887)
(2324,2895)
(2320,2895)
(2319,2897)
(2316,2900)
(2317,2907)
(2314,2907)
(2313,2909)
(2304,2918)
(2305,2924)
(2307,2927)
(2306,2933)
(2298,2932)
(2283,2935)
(2278,2937)
(2274,2937)
(2270,2939)
(2268,2939)
(2265,2940)
(2258,2947)
(2253,2956)
(2249,2966)
(2247,2990)
(2249,2996)
(2247,2998)
(2248,2997)
(2247,2996)
(2247,2997)
(2243,3011)
(2242,3013)
(2237,3014)
(2229,3019)
(2227,3021)
(2224,3027)
(2222,3029)
(2210,3053)
(2206,3060)
(2204,3066)
(2201,3085)
(2195,3112)
(2195,3118)
(2196,3126)
(2201,3146)
(2202,3153)
(2203,3160)
(2205,3169)
(2211,3193)
(2213,3209)
(2215,3236)
(2217,3241)
(2214,3240)
(2214,3239)
(2212,3229)
(2212,3216)
(2211,3220)
(2211,3218)
(2209,3221)
(2208,3233)
(2208,3237)
(2209,3242)
(2217,3242)
(2218,3242)
(2219,3239)
(2221,3241)
(2226,3238)
(2231,3237)
(2236,3235)
(2241,3234)
(2240,3254)
(2242,3257)
(2241,3260)
(2247,3275)
(2247,3281)
(2248,3281)
(2251,3287)
(2255,3289)
(2259,3287)
(2265,3290)
(2268,3297)
(2277,3308)
(2278,3312)
(2279,3315)
(2282,3323)
(2285,3327)
(2288,3345)
(2287,3348)
(2286,3352)
(2285,3356)
(2284,3359)
(2286,3370)
(2284,3373)
(2285,3379)
(2285,3380)
(2288,3381)
(2290,3379)
(2291,3379)
(2296,3387)
(2296,3394)
(2294,3397)
(2296,3399)
(2297,3405)
(2295,3408)
(2294,3412)
(2292,3423)
(2294,3428)
(2297,3430)
(2297,3432)
(2296,3435)
(2294,3435)
(2292,3437)
(2290,3437)
(2289,3439)
(2286,3442)
(2280,3441)
(2276,3447)
(2276,3451)
(2276,3454)
(2275,3458)
(2276,3462)
(2274,3465)
(2274,3467)
(2272,3469)
(2272,3474)
(2271,3478)
(2269,3483)
(2268,3490)
(2267,3492)
(2261,3494)
(2260,3502)
(2258,3503)
(2259,3510)
(2262,3512)
(2263,3514)
(2259,3521)
(2259,3524)
(2260,3525)
(2260,3528)
(2262,3529)
(2260,3533)
(2260,3536)
(2258,3543)
(2251,3555)
(2252,3558)
(2252,3560)
(2249,3563)
(2246,3563)
(2245,3562)
(2239,3564)
(2235,3569)
(2233,3569)
(2232,3572)
(2233,3574)
(2231,3576)
(2228,3577)
(2229,3580)
(2228,3584)
(2227,3589)
(2224,3595)
(2223,3600)
(2222,3603)
(2212,3610)
(2205,3617)
(2202,3618)
(2199,3620)
(2199,3622)
(2199,3627)
(2199,3631)
(2199,3635)
(2199,3639)
(2199,3644)
(2199,3648)
(2199,3652)
(2199,3656)
(2199,3660)
(2199,3664)
(2199,3669)
(2194,3671)
(2190,3670)
(2186,3670)
(2184,3669)
(2179,3669)
(2177,3671)
(2167,3674)
(2163,3672)
(2162,3670)
(2160,3670)
(2159,3667)
(2156,3672)
(2154,3674)
(2154,3675)
(2149,3676)
(2141,3674)
(2136,3677)
(2133,3677)
(2131,3677)
(2129,3674)
(2126,3674)
(2124,3672)
(2118,3671)
(2117,3666)
(2114,3666)
(2112,3667)
(2111,3666)
(2108,3668)
(2106,3669)
(2104,3667)
(2101,3667)
(2096,3664)
(2089,3664)
(2084,3659)
(2079,3658)
(2078,3655)
(2074,3651)
(2073,3645)
(2071,3643)
(2071,3645)
(2069,3646)
(2068,3648)
(2064,3650)
(2059,3655)
(2059,3640)
(2057,3641)
(2055,3637)
(2052,3633)
(2048,3630)
(2029,3633)
(2024,3630)
(2018,3632)
(2014,3640)
(2013,3654)
(2011,3657)
(2010,3656)
(2009,3651)
(2005,3651)
(2002,3646)
(1989,3635)
(1984,3635)
(1979,3636)
(1976,3637)
(1973,3639)
(1970,3639)
(1967,3640)
(1964,3641)
(1961,3642)
(1958,3643)
(1955,3644)
(1952,3645)
(1949,3647)
(1946,3647)
(1943,3648)
(1940,3649)
(1937,3650)
(1934,3651)
(1931,3651)
(1928,3650)
(1925,3650)
(1922,3648)
(1921,3649)
(1919,3648)
(1917,3649)
(1912,3649)
(1904,3650)
(1900,3649)
(1897,3649)
(1894,3650)
(1890,3651)
(1889,3655)
(1889,3658)
(1888,3662)
(1888,3666)
(1887,3670)
(1887,3674)
(1886,3678)
(1886,3681)
(1885,3685)
(1885,3689)
(1884,3693)
(1884,3697)
(1883,3703)
(1879,3706)
(1875,3706)
(1871,3709)
(1868,3708)
(1861,3711)
(1857,3708)
(1853,3709)
(1850,3709)
(1848,3706)
(1845,3703)
(1843,3701)
(1840,3698)
(1837,3696)
(1835,3694)
(1832,3691)
(1830,3689)
(1827,3686)
(1824,3684)
(1822,3681)
(1819,3679)
(1817,3676)
(1814,3674)
(1812,3671)
(1809,3669)
(1806,3666)
(1804,3664)
(1801,3661)
(1799,3659)
(1796,3656)
(1792,3652)
(1789,3655)
(1787,3657)
(1784,3659)
(1782,3662)
(1779,3664)
(1777,3667)
(1774,3669)
(1772,3672)
(1769,3674)
(1766,3677)
(1764,3679)
(1763,3682)
(1761,3682)
(1758,3681)
(1756,3682)
(1753,3684)
(1749,3686)
(1748,3688)
(1746,3689)
(1745,3691)
(1743,3689)
(1741,3692)
(1732,3696)
(1727,3700)
(1724,3704)
(1719,3709)
(1714,3714)
(1711,3724)
(1707,3740)
(1705,3746)
(1703,3748)
(1703,3750)
(1699,3752)
(1696,3756)
(1697,3767)
(1693,3768)
(1682,3766)
(1665,3770)
(1649,3771)
(1642,3768)
(1639,3769)
(1637,3768)
(1636,3767)
(1633,3771)
(1633,3777)
(1635,3783)
(1635,3789)
(1636,3791)
(1636,3792)
(1634,3794)
(1634,3796)
(1628,3800)
(1625,3795)
(1611,3795)
(1609,3791)
(1603,3792)
(1598,3791)
(1599,3770)
(1598,3766)
(1597,3765)
(1596,3762)
(1597,3760)
(1595,3757)
(1594,3746)
(1593,3745)
(1592,3742)
(1590,3739)
(1588,3739)
(1585,3736)
(1582,3737)
(1580,3736)
(1580,3734)
(1579,3735)
(1577,3734)
(1577,3727)
(1579,3725)
(1580,3722)
(1577,3718)
(1576,3713)
(1564,3710)
(1560,3711)
(1558,3709)
(1555,3710)
(1553,3713)
(1552,3711)
(1551,3709)
(1549,3710)
(1545,3710)
(1543,3708)
(1544,3704)
(1541,3701)
(1539,3700)
(1519,3699)
(1512,3697)
(1512,3695)
(1514,3695)
(1515,3693)
(1513,3692)
(1512,3693)
(1512,3691)
(1512,3689)
(1510,3691)
(1507,3690)
(1506,3686)
(1505,3685)
(1505,3687)
(1505,3684)
(1507,3674)
(1510,3672)
(1510,3670)
(1516,3637)
(1517,3637)
(1517,3638)
(1520,3636)
(1524,3636)
(1526,3633)
(1526,3627)
(1523,3624)
(1520,3624)
(1520,3627)
(1518,3627)
(1516,3628)
(1519,3624)
(1520,3618)
(1521,3618)
(1523,3618)
(1522,3612)
(1519,3611)
(1520,3607)
(1523,3605)
(1523,3601)
(1522,3596)
(1521,3594)
(1525,3590)
(1523,3577)
(1525,3574)
(1528,3570)
(1529,3567)
(1524,3548)
(1524,3543)
(1524,3540)
(1531,3535)
(1532,3531)
(1534,3529)
(1533,3523)
(1534,3522)
(1535,3516)
(1536,3513)
(1535,3508)
(1535,3504)
(1537,3505)
(1536,3501)
(1535,3499)
(1535,3498)
(1534,3496)
(1534,3494)
(1533,3494)
(1532,3489)
(1534,3483)
(1538,3480)
(1541,3479)
(1542,3477)
(1541,3472)
(1538,3467)
(1542,3467)
(1545,3465)
(1544,3451)
(1545,3447)
(1546,3447)
(1545,3446)
(1546,3444)
(1547,3439)
(1555,3436)
(1559,3434)
(1560,3432)
(1564,3430)
(1567,3430)
(1570,3433)
(1576,3428)
(1581,3428)
(1584,3425)
(1587,3424)
(1594,3426)
(1600,3425)
(1611,3421)
(1617,3416)
(1617,3417)
(1618,3418)
(1620,3418)
(1619,3415)
(1621,3414)
(1620,3412)
(1622,3412)
(1622,3410)
(1624,3413)
(1625,3411)
(1628,3409)
(1627,3406)
(1628,3403)
(1629,3404)
(1629,3402)
(1629,3393)
(1630,3391)
(1630,3385)
(1632,3381)
(1629,3368)
(1627,3365)
(1624,3358)
(1621,3357)
(1621,3348)
(1619,3345)
(1620,3342)
(1619,3339)
(1614,3333)
(1614,3335)
(1609,3334)
(1606,3329)
(1605,3324)
(1606,3322)
(1607,3321)
(1607,3315)
(1603,3312)
(1602,3306)
(1599,3303)
(1597,3299)
(1595,3297)
(1590,3288)
(1590,3281)
(1590,3278)
(1591,3276)
(1594,3275)
(1595,3273)
(1595,3266)
(1596,3264)
(1602,3260)
(1603,3257)
(1602,3254)
(1602,3248)
(1605,3241)
(1604,3239)
(1602,3236)
(1602,3223)
(1604,3221)
(1607,3215)
(1608,3214)
(1611,3209)
(1613,3208)
(1617,3208)
(1618,3206)
(1620,3203)
(1620,3200)
(1625,3188)
(1626,3182)
(1628,3179)
(1630,3176)
(1632,3174)
(1633,3171)
(1637,3165)
(1641,3156)
(1643,3154)
(1644,3154)
(1644,3160)
(1647,3160)
(1648,3156)
(1653,3154)
(1657,3150)
(1659,3146)
(1659,3143)
(1661,3133)
(1670,3121)
(1670,3113)
(1671,3108)
(1670,3103)
(1671,3095)
(1672,3095)
(1676,3088)
(1681,3087)
(1684,3079)
(1688,3076)
(1692,3077)
(1694,3077)
(1703,3069)
(1710,3065)
(1724,3063)
(1728,3060)
(1730,3053)
(1736,3048)
(1738,3048)
(1740,3050)
(1737,3054)
(1738,3054)
(1741,3056)
(1744,3056)
(1744,3054)
(1746,3053)
(1746,3051)
(1748,3050)
(1748,3043)
(1747,3041)
(1748,3038)
(1752,3038)
(1755,3039)
(1755,3041)
(1757,3041)
(1759,3040)
(1764,3040)
(1768,3038)
(1770,3037)
(1768,3036)
(1777,3028)
(1779,3024)
(1792,3014)
(1794,3011)
(1797,3008)
(1799,3008)
(1799,3009)
(1800,3008)
(1803,3009)
(1806,3007)
(1807,3008)
(1809,3006)
(1812,3003)
(1813,3000)
(1812,2996)
(1800,2974)
(1803,2970)
(1809,2969)
(1810,2965)
(1810,2963)
(1810,2961)
(1809,2958)
(1809,2954)
(1812,2954)
(1813,2953)
(1816,2953)
(1814,2951)
(1813,2950)
(1815,2948)
(1815,2945)
(1817,2943)
(1818,2940)
(1821,2940)
(1823,2935)
(1824,2937)
(1823,2940)
(1824,2944)
(1821,2953)
(1823,2953)
(1826,2956)
(1827,2956)
(1827,2954)
(1830,2952)
(1828,2950)
(1830,2950)
(1830,2948)
(1831,2946)
(1830,2944)
(1831,2942)
(1831,2939)
(1829,2937)
(1828,2937)
(1828,2941)
(1826,2942)
(1825,2942)
(1825,2935)
(1821,2932)
(1820,2933)
(1819,2932)
(1818,2932)
(1815,2935)
(1810,2937)
(1802,2935)
(1802,2933)
(1802,2922)
(1803,2919)
(1802,2918)
(1800,2920)
(1798,2919)
(1797,2916)
(1798,2912)