1042
(-1610,1928)
(-1590,1928)
(-1584,1924)
(-1576,1924)
(-1570,1926)
(-1562,1924)
(-1561,1925)
(-1559,1920)
(-1557,1918)
(-1549,1915)
(-1540,1919)
(-1539,1921)
(-1532,1920)
(-1531,1919)
(-1525,1919)
(-1523,1921)
(-1502,1921)
(-1480,1920)
(-1468,1921)
(-1459,1918)
(-1450,1913)
(-1436,1913)
(-1431,1906)
(-1421,1901)
(-1417,1901)
(-1409,1893)
(-1405,1892)
(-1402,1893)
(-1398,1893)
(-1395,1893)
(-1391,1894)
(-1388,1893)
(-1385,1891)
(-1381,1890)
(-1378,1889)
(-1375,1888)
(-1372,1887)
(-1368,1886)
(-1365,1885)
(-1362,1884)
(-1359,1883)
(-1355,1882)
(-1352,1880)
(-1349,1879)
(-1345,1878)
(-1343,1881)
(-1340,1884)
(-1338,1887)
(-1335,1890)
(-1333,1892)
(-1330,1895)
(-1328,1897)
(-1325,1900)
(-1322,1902)
(-1320,1905)
(-1317,1907)
(-1315,1910)
(-1312,1912)
(-1310,1915)
(-1307,1917)
(-1304,1920)
(-1302,1922)
(-1299,1925)
(-1297,1927)
(-1294,1930)
(-1291,1932)
(-1289,1935)
(-1286,1937)
(-1284,1940)
(-1281,1942)
(-1279,1945)
(-1281,1950)
(-1272,1943)
(-1270,1944)
(-1268,1942)
(-1260,1949)
(-1255,1951)
(-1240,1949)
(-1236,1950)
(-1233,1953)
(-1233,1960)
(-1225,1965)
(-1221,1969)
(-1219,1970)
(-1216,1972)
(-1214,1973)
(-1211,1972)
(-1210,1974)
(-1206,1974)
(-1205,1977)
(-1202,1977)
(-1202,1982)
(-1196,1981)
(-1192,1982)
(-1189,1982)
(-1187,1984)
(-1184,1978)
(-1181,1979)
(-1179,1978)
(-1181,1975)
(-1182,1975)
(-1181,1971)
(-1179,1970)
(-1178,1971)
(-1170,1971)
(-1168,1970)
(-1169,1968)
(-1168,1967)
(-1162,1967)
(-1157,1971)
(-1153,1971)
(-1146,1973)
(-1144,1971)
(-1141,1970)
(-1141,1963)
(-1137,1962)
(-1135,1964)
(-1135,1963)
(-1130,1962)
(-1127,1969)
(-1127,1974)
(-1126,1975)
(-1121,1977)
(-1114,1973)
(-1112,1973)
(-1108,1981)
(-1107,1981)
(-1104,1980)
(-1105,1981)
(-1103,1982)
(-1102,1983)
(-1101,1984)
(-1095,1978)
(-1091,1980)
(-1083,1977)
(-1080,1978)
(-1079,1977)
(-1078,1978)
(-1076,1978)
(-1073,1977)
(-1069,1978)
(-1068,1981)
(-1065,1982)
(-1064,1981)
(-1057,1983)
(-1055,1982)
(-1053,1978)
(-1050,1977)
(-1048,1979)
(-1041,1983)
(-1038,1980)
(-1029,1978)
(-1016,1971)
(-1011,1976)
(-1003,1979)
(-1002,1976)
(-1003,1974)
(-1003,1966)
(-1001,1962)
(-996,1962)
(-988,1943)
(-986,1935)
(-987,1924)
(-985,1914)
(-981,1914)
(-979,1909)
(-978,1909)
(-973,1903)
(-972,1893)
(-971,1891)
(-970,1889)
(-970,1886)
(-969,1885)
(-969,1884)
(-968,1884)
(-966,1881)
(-964,1880)
(-962,1879)
(-961,1877)
(-960,1868)
(-961,1866)
(-961,1864)
(-964,1861)
(-964,1860)
(-963,1859)
(-960,1856)
(-960,1851)
(-960,1848)
(-960,1845)
(-960,1842)
(-960,1838)
(-960,1835)
(-960,1832)
(-960,1829)
(-960,1825)
(-957,1825)
(-954,1825)
(-951,1825)
(-948,1825)
(-944,1825)
(-941,1825)
(-938,1825)
(-935,1823)
(-933,1821)
(-929,1823)
(-927,1822)
(-920,1822)
(-916,1817)
(-913,1815)
(-906,1813)
(-899,1813)
(-899,1815)
(-898,1818)
(-898,1821)
(-895,1826)
(-893,1830)
(-892,1833)
(-891,1836)
(-890,1840)
(-889,1843)
(-887,1846)
(-885,1852)
(-877,1889)
(-870,1902)
(-869,1909)
(-866,1915)
(-864,1923)
(-861,1928)
(-858,1942)
(-857,1947)
(-856,1950)
(-855,1953)
(-854,1957)
(-852,1960)
(-851,1963)
(-850,1967)
(-849,1970)
(-848,1973)
(-847,1977)
(-845,1980)
(-844,1983)
(-843,1987)
(-842,1990)
(-841,1993)
(-844,1998)
(-849,1998)
(-853,2001)
(-853,2003)
(-865,2009)
(-866,2013)
(-869,2014)
(-870,2017)
(-874,2018)
(-876,2021)
(-871,2022)
(-869,2024)
(-872,2029)
(-869,2036)
(-870,2044)
(-868,2047)
(-867,2051)
(-868,2053)
(-865,2062)
(-866,2064)
(-873,2068)
(-875,2072)
(-880,2073)
(-883,2073)
(-889,2075)
(-894,2075)
(-900,2077)
(-909,2075)
(-915,2077)
(-919,2075)
(-921,2072)
(-925,2071)
(-927,2068)
(-930,2067)
(-937,2067)
(-942,2065)
(-943,2063)
(-945,2062)
(-947,2059)
(-950,2056)
(-955,2055)
(-957,2060)
(-964,2066)
(-966,2066)
(-968,2064)
(-972,2064)
(-977,2067)
(-979,2074)
(-984,2076)
(-987,2079)
(-990,2081)
(-992,2086)
(-995,2087)
(-997,2090)
(-1001,2092)
(-1002,2095)
(-1004,2096)
(-1005,2099)
(-1008,2100)
(-1009,2102)
(-1009,2107)
(-1010,2108)
(-1017,2108)
(-1021,2103)
(-1023,2103)
(-1025,2106)
(-1028,2105)
(-1028,2117)
(-1026,2118)
(-1024,2118)
(-1022,2118)
(-1019,2119)
(-1017,2116)
(-1009,2118)
(-1007,2117)
(-1002,2117)
(-999,2114)
(-997,2110)
(-993,2108)
(-988,2115)
(-984,2115)
(-982,2117)
(-980,2116)
(-974,2117)
(-968,2124)
(-967,2126)
(-968,2129)
(-970,2130)
(-970,2132)
(-968,2133)
(-968,2136)
(-967,2140)
(-967,2143)
(-964,2147)
(-961,2149)
(-957,2149)
(-955,2150)
(-925,2152)
(-911,2148)
(-893,2155)
(-893,2153)
(-879,2153)
(-856,2133)
(-849,2129)
(-831,2112)
(-821,2106)
(-810,2092)
(-809,2092)
(-805,2091)
(-803,2092)
(-799,2087)
(-793,2089)
(-790,2088)
(-785,2089)
(-780,2087)
(-777,2085)
(-772,2086)
(-770,2087)
(-768,2087)
(-766,2088)
(-765,2089)
(-762,2089)
(-762,2088)
(-759,2088)
(-756,2086)
(-752,2085)
(-749,2082)
(-746,2082)
(-744,2082)
(-738,2082)
(-736,2083)
(-731,2082)
(-727,2086)
(-726,2088)
(-724,2089)
(-723,2092)
(-722,2093)
(-717,2094)
(-712,2096)
(-708,2098)
(-703,2097)
(-700,2098)
(-694,2097)
(-694,2125)
(-696,2126)
(-696,2129)
(-695,2130)
(-697,2132)
(-696,2132)
(-696,2134)
(-696,2137)
(-695,2139)
(-694,2140)
(-691,2142)
(-689,2142)
(-689,2146)
(-685,2149)
(-685,2150)
(-686,2154)
(-686,2157)
(-688,2158)
(-690,2158)
(-691,2162)
(-694,2168)
(-696,2170)
(-700,2170)
(-702,2171)
(-702,2182)
(-701,2183)
(-701,2189)
(-702,2190)
(-704,2193)
(-703,2196)
(-703,2201)
(-702,2201)
(-700,2204)
(-694,2210)
(-694,2212)
(-696,2214)
(-695,2220)
(-694,2222)
(-698,2225)
(-700,2228)
(-702,2237)
(-701,2241)
(-703,2244)
(-704,2247)
(-700,2252)
(-698,2255)
(-699,2259)
(-695,2262)
(-693,2268)
(-691,2269)
(-689,2269)
(-685,2271)
(-680,2272)
(-677,2276)
(-675,2286)
(-677,2289)
(-676,2294)
(-677,2296)
(-683,2303)
(-685,2310)
(-682,2312)
(-680,2316)
(-677,2319)
(-676,2322)
(-676,2326)
(-670,2334)
(-670,2342)
(-669,2348)
(-670,2352)
(-670,2356)
(-666,2361)
(-664,2366)
(-660,2371)
(-657,2378)
(-657,2381)
(-655,2386)
(-650,2394)
(-648,2400)
(-646,2402)
(-640,2410)
(-636,2414)
(-634,2420)
(-630,2425)
(-629,2426)
(-628,2427)
(-629,2431)
(-629,2432)
(-632,2434)
(-633,2433)
(-633,2431)
(-635,2432)
(-634,2433)
(-635,2436)
(-639,2435)
(-641,2439)
(-642,2438)
(-641,2435)
(-646,2429)
(-648,2429)
(-647,2431)
(-650,2437)
(-652,2437)
(-654,2432)
(-657,2430)
(-662,2430)
(-662,2432)
(-661,2432)
(-661,2434)
(-662,2434)
(-669,2430)
(-672,2430)
(-675,2426)
(-679,2423)
(-679,2421)
(-682,2422)
(-681,2423)
(-684,2426)
(-683,2428)
(-685,2429)
(-686,2428)
(-691,2427)
(-693,2425)
(-696,2427)
(-699,2425)
(-700,2427)
(-704,2427)
(-705,2428)
(-709,2428)
(-710,2429)
(-710,2431)
(-715,2429)
(-720,2432)
(-722,2431)
(-725,2431)
(-728,2430)
(-732,2431)
(-735,2430)
(-734,2428)
(-736,2427)
(-735,2428)
(-737,2430)
(-739,2431)
(-743,2430)
(-743,2433)
(-744,2434)
(-746,2431)
(-750,2428)
(-752,2434)
(-756,2434)
(-758,2435)
(-758,2437)
(-759,2437)
(-760,2437)
(-759,2434)
(-762,2434)
(-763,2437)
(-764,2437)
(-766,2439)
(-767,2439)
(-768,2437)
(-768,2435)
(-767,2434)
(-767,2433)
(-769,2434)
(-769,2431)
(-771,2433)
(-774,2432)
(-775,2431)
(-773,2431)
(-773,2429)
(-776,2425)
(-778,2425)
(-781,2428)
(-782,2429)
(-781,2431)
(-780,2432)
(-779,2432)
(-778,2430)
(-778,2435)
(-779,2436)
(-785,2434)
(-790,2434)
(-796,2434)
(-798,2432)
(-799,2432)
(-797,2434)
(-802,2434)
(-801,2435)
(-803,2435)
(-806,2433)
(-810,2432)
(-811,2432)
(-815,2436)
(-816,2434)
(-819,2432)
(-822,2433)
(-823,2434)
(-834,2436)
(-837,2438)
(-841,2439)
(-845,2439)
(-845,2436)
(-848,2437)
(-850,2432)
(-853,2434)
(-854,2434)
(-854,2435)
(-853,2435)
(-853,2436)
(-854,2435)
(-855,2436)
(-856,2435)
(-856,2436)
(-856,2437)
(-853,2438)
(-851,2442)
(-852,2443)
(-855,2443)
(-857,2445)
(-860,2444)
(-862,2440)
(-860,2438)
(-867,2439)
(-867,2438)
(-868,2438)
(-868,2439)
(-870,2437)
(-870,2438)
(-874,2438)
(-872,2440)
(-866,2441)
(-864,2446)
(-864,2448)
(-867,2450)
(-870,2450)
(-871,2446)
(-873,2446)
(-873,2447)
(-871,2448)
(-871,2450)
(-873,2450)
(-877,2448)
(-882,2451)
(-887,2450)
(-888,2450)
(-890,2447)
(-893,2444)
(-894,2440)
(-892,2439)
(-892,2438)
(-895,2440)
(-896,2441)
(-895,2442)
(-896,2446)
(-900,2447)
(-900,2442)
(-898,2440)
(-900,2439)
(-902,2442)
(-905,2443)
(-905,2438)
(-908,2436)
(-908,2432)
(-911,2431)
(-912,2435)
(-909,2437)
(-911,2440)
(-915,2441)
(-917,2440)
(-921,2437)
(-923,2437)
(-927,2434)
(-929,2434)
(-929,2435)
(-931,2434)
(-932,2432)
(-932,2430)
(-934,2429)
(-937,2426)
(-943,2422)
(-951,2414)
(-955,2411)
(-957,2407)
(-959,2407)
(-960,2404)
(-961,2405)
(-958,2408)
(-960,2408)
(-965,2406)
(-967,2404)
(-970,2402)
(-974,2399)
(-974,2393)
(-978,2387)
(-985,2389)
(-986,2391)
(-988,2388)
(-987,2387)
(-987,2385)
(-988,2386)
(-989,2383)
(-992,2382)
(-993,2380)
(-1005,2358)
(-1010,2352)
(-1012,2350)
(-1013,2349)
(-1012,2348)
(-1014,2348)
(-1014,2347)
(-1015,2345)
(-1016,2345)
(-1016,2348)
(-1020,2345)
(-1020,2339)
(-1022,2334)
(-1024,2323)
(-1022,2320)
(-1023,2321)
(-1024,2320)
(-1024,2321)
(-1025,2321)
(-1026,2316)
(-1024,2315)
(-1027,2314)
(-1028,2312)
(-1026,2311)
(-1027,2310)
(-1028,2310)
(-1028,2311)
(-1029,2310)
(-1034,2295)
(-1038,2289)
(-1036,2288)
(-1032,2288)
(-1031,2287)
(-1033,2287)
(-1031,2285)
(-1035,2288)
(-1037,2287)
(-1037,2288)
(-1039,2287)
(-1042,2275)
(-1046,2267)
(-1048,2264)
(-1048,2262)
(-1047,2263)
(-1047,2262)
(-1049,2261)
(-1051,2257)
(-1052,2254)
(-1053,2253)
(-1056,2246)
(-1060,2243)
(-1059,2241)
(-1061,2240)
(-1061,2237)
(-1063,2237)
(-1064,2234)
(-1065,2233)
(-1064,2231)
(-1066,2232)
(-1073,2225)
(-1081,2219)
(-1080,2219)
(-1077,2215)
(-1073,2214)
(-1073,2210)
(-1074,2209)
(-1073,2212)
(-1081,2214)
(-1082,2217)
(-1084,2218)
(-1090,2214)
(-1092,2213)
(-1091,2210)
(-1092,2208)
(-1094,2207)
(-1092,2211)
(-1098,2207)
(-1103,2201)
(-1110,2194)
(-1110,2193)
(-1112,2193)
(-1112,2191)
(-1112,2190)
(-1113,2191)
(-1113,2188)
(-1115,2189)
(-1118,2186)
(-1122,2185)
(-1123,2184)
(-1122,2184)
(-1121,2183)
(-1122,2183)
(-1125,2183)
(-1124,2184)
(-1126,2185)
(-1128,2184)
(-1128,2181)
(-1127,2177)
(-1122,2174)
(-1126,2174)
(-1130,2176)
(-1132,2175)
(-1134,2176)
(-1133,2173)
(-1134,2168)
(-1131,2167)
(-1129,2168)
(-1128,2167)
(-1129,2166)
(-1135,2162)
(-1136,2159)
(-1133,2159)
(-1137,2157)
(-1138,2154)
(-1137,2153)
(-1137,2151)
(-1139,2151)
(-1138,2152)
(-1139,2153)
(-1143,2147)
(-1147,2142)
(-1147,2140)
(-1150,2138)
(-1150,2140)
(-1155,2134)
(-1155,2135)
(-1156,2135)
(-1159,2132)
(-1160,2130)
(-1165,2127)
(-1171,2121)
(-1176,2114)
(-1183,2107)
(-1183,2106)
(-1183,2105)
(-1188,2100)
(-1188,2098)
(-1192,2093)
(-1191,2090)
(-1187,2089)
(-1185,2085)
(-1184,2081)
(-1177,2077)
(-1177,2074)
(-1178,2077)
(-1186,2080)
(-1187,2084)
(-1192,2087)
(-1193,2086)
(-1193,2084)
(-1194,2081)
(-1194,2084)
(-1195,2085)
(-1198,2085)
(-1200,2086)
(-1202,2085)
(-1209,2086)
(-1211,2086)
(-1210,2082)
(-1211,2081)
(-1214,2084)
(-1220,2082)
(-1221,2080)
(-1221,2082)
(-1224,2082)
(-1225,2080)
(-1226,2079)
(-1227,2082)
(-1229,2083)
(-1232,2080)
(-1231,2084)
(-1233,2084)
(-1233,2086)
(-1235,2086)
(-1235,2089)
(-1238,2090)
(-1239,2091)
(-1240,2091)
(-1239,2093)
(-1240,2094)
(-1242,2092)
(-1243,2092)
(-1242,2093)
(-1242,2097)
(-1244,2099)
(-1247,2100)
(-1247,2101)
(-1248,2101)
(-1249,2100)
(-1253,2103)
(-1256,2102)
(-1257,2102)
(-1255,2104)
(-1256,2107)
(-1258,2106)
(-1258,2107)
(-1260,2107)
(-1261,2104)
(-1262,2105)
(-1265,2105)
(-1266,2103)
(-1265,2102)
(-1267,2101)
(-1268,2104)
(-1270,2103)
(-1272,2104)
(-1274,2105)
(-1275,2103)
(-1276,2104)
(-1279,2104)
(-1279,2105)
(-1271,2108)
(-1279,2107)
(-1283,2107)
(-1291,2111)
(-1295,2115)
(-1299,2116)
(-1309,2117)
(-1315,2119)
(-1318,2119)
(-1320,2120)
(-1326,2120)
(-1331,2120)
(-1335,2120)
(-1340,2118)
(-1344,2118)
(-1350,2124)
(-1346,2124)
(-1345,2126)
(-1341,2124)
(-1336,2124)
(-1334,2124)
(-1333,2125)
(-1335,2126)
(-1334,2127)
(-1331,2125)
(-1327,2127)
(-1326,2128)
(-1326,2130)
(-1339,2131)
(-1333,2132)
(-1331,2133)
(-1345,2132)
(-1354,2130)
(-1361,2129)
(-1375,2131)
(-1377,2132)
(-1375,2133)
(-1376,2135)
(-1374,2135)
(-1375,2137)
(-1391,2129)
(-1397,2129)
(-1411,2125)
(-1421,2125)
(-1424,2125)
(-1425,2123)
(-1424,2123)
(-1422,2123)
(-1421,2122)
(-1421,2120)
(-1422,2122)
(-1423,2122)
(-1431,2121)
(-1434,2120)
(-1435,2121)
(-1437,2120)
(-1438,2121)
(-1435,2123)
(-1432,2122)
(-1430,2123)
(-1433,2128)
(-1432,2128)
(-1431,2129)
(-1428,2129)
(-1427,2129)
(-1428,2132)
(-1432,2133)
(-1443,2129)
(-1446,2130)
(-1456,2123)
(-1469,2112)
(-1472,2111)
(-1478,2103)
(-1485,2087)
(-1487,2082)
(-1488,2079)
(-1489,2076)
(-1490,2072)
(-1491,2069)
(-1492,2068)
(-1493,2065)
(-1494,2061)
(-1496,2058)
(-1497,2055)
(-1497,2052)
(-1498,2048)
(-1500,2045)
(-1501,2042)
(-1502,2039)
(-1502,2035)
(-1504,2032)
(-1505,2029)
(-1506,2025)
(-1507,2023)
(-1518,1998)
(-1518,1996)
(-1516,2000)
(-1515,2000)
(-1517,1995)
(-1518,1993)
(-1519,1993)
(-1519,1994)
(-1520,1994)
(-1525,1984)
(-1532,1973)
(-1536,1969)
(-1541,1966)
(-1547,1964)
(-1552,1965)
(-1548,1964)
(-1550,1962)
(-1553,1961)
(-1558,1956)
(-1559,1955)
(-1557,1951)
(-1559,1948)
(-1561,1950)
(-1559,1950)
(-1558,1951)
(-1559,1953)
(-1566,1959)
(-1571,1961)
(-1571,1962)
(-1572,1965)
(-1573,1967)
(-1576,1968)
(-1578,1970)
(-1577,1973)
(-1572,1972)
(-1567,1974)
(-1565,1977)
(-1578,1975)
(-1591,1975)
(-1599,1974)
(-1604,1974)
(-1609,1973)
(-1611,1973)
(-1612,1940)
(-1610,1934)
(-1611,1931)
(-1610,1928)