721
(705,214)
(711,208)
(711,206)
(713,203)
(713,199)
(717,196)
(721,195)
(723,193)
(727,190)
(731,183)
(736,181)
(738,177)
(740,175)
(744,170)
(743,167)
(741,165)
(741,163)
(737,161)
(738,160)
(738,159)
(737,157)
(738,156)
(736,152)
(737,151)
(736,150)
(736,148)
(735,148)
(736,146)
(734,143)
(725,144)
(722,146)
(721,148)
(719,148)
(719,147)
(717,146)
(717,144)
(716,143)
(714,145)
(713,144)
(717,141)
(720,139)
(723,137)
(727,134)
(730,132)
(733,130)
(736,127)
(741,124)
(743,125)
(743,127)
(745,130)
(744,130)
(745,136)
(748,136)
(751,134)
(756,133)
(758,132)
(759,129)
(762,129)
(764,126)
(763,122)
(764,119)
(763,118)
(762,116)
(758,113)
(757,112)
(757,108)
(757,105)
(757,102)
(758,99)
(758,95)
(762,90)
(764,87)
(767,84)
(770,81)
(772,77)
(775,74)
(777,71)
(781,67)
(781,61)
(783,59)
(801,59)
(802,60)
(802,61)
(799,71)
(801,72)
(802,72)
(801,74)
(800,75)
(801,77)
(804,75)
(804,70)
(808,62)
(814,60)
(817,54)
(817,50)
(819,46)
(820,47)
(821,46)
(821,37)
(823,36)
(827,37)
(827,35)
(835,28)
(837,28)
(839,25)
(841,25)
(843,23)
(845,24)
(848,21)
(851,24)
(854,24)
(855,25)
(862,19)
(862,18)
(868,11)
(871,10)
(885,14)
(890,12)
(893,14)
(895,14)
(900,14)
(898,24)
(900,31)
(897,42)
(898,45)
(899,58)
(900,60)
(917,79)
(917,84)
(918,87)
(918,91)
(918,94)
(918,97)
(918,100)
(918,103)
(919,107)
(919,110)
(919,113)
(919,116)
(919,120)
(919,123)
(920,126)
(920,129)
(920,132)
(920,136)
(920,139)
(920,142)
(920,145)
(921,148)
(921,152)
(921,158)
(920,181)
(926,182)
(921,211)
(930,212)
(933,217)
(939,223)
(940,229)
(943,233)
(945,234)
(954,235)
(959,240)
(965,239)
(974,243)
(978,244)
(981,247)
(984,252)
(987,252)
(990,252)
(993,252)
(996,252)
(999,252)
(1002,252)
(1005,252)
(1008,252)
(1011,253)
(1014,253)
(1018,253)
(1019,253)
(1020,255)
(1023,255)
(1026,255)
(1029,255)
(1032,255)
(1035,255)
(1038,255)
(1041,255)
(1044,255)
(1048,255)
(1051,255)
(1054,255)
(1057,255)
(1060,255)
(1063,255)
(1066,255)
(1069,255)
(1072,255)
(1075,255)
(1078,255)
(1082,255)
(1085,255)
(1088,255)
(1091,255)
(1094,255)
(1097,255)
(1101,255)
(1104,255)
(1107,255)
(1110,255)
(1113,255)
(1116,255)
(1120,255)
(1123,255)
(1126,255)
(1129,255)
(1132,255)
(1135,255)
(1138,255)
(1141,255)
(1144,255)
(1147,255)
(1149,255)
(1149,258)
(1150,261)
(1151,265)
(1151,268)
(1152,271)
(1153,275)
(1153,278)
(1154,281)
(1155,284)
(1155,288)
(1156,291)
(1156,294)
(1157,298)
(1158,301)
(1158,304)
(1159,308)
(1160,311)
(1160,314)
(1161,317)
(1161,321)
(1162,324)
(1163,327)
(1163,331)
(1164,334)
(1165,337)
(1165,341)
(1166,344)
(1166,347)
(1169,351)
(1172,354)
(1175,358)
(1178,361)
(1180,365)
(1183,368)
(1186,371)
(1189,375)
(1192,378)
(1195,382)
(1198,385)
(1201,388)
(1204,392)
(1207,395)
(1210,399)
(1213,402)
(1216,406)
(1219,409)
(1222,412)
(1224,416)
(1227,419)
(1230,423)
(1233,426)
(1236,430)
(1239,433)
(1242,436)
(1245,440)
(1248,443)
(1251,447)
(1251,447)
(1253,450)
(1255,454)
(1257,457)
(1259,461)
(1261,464)
(1264,468)
(1266,471)
(1268,475)
(1270,479)
(1272,482)
(1274,486)
(1277,489)
(1279,493)
(1281,496)
(1283,500)
(1285,503)
(1287,507)
(1289,510)
(1292,514)
(1294,518)
(1296,521)
(1298,525)
(1300,528)
(1302,532)
(1304,535)
(1307,539)
(1309,543)
(1311,546)
(1313,550)
(1315,553)
(1317,557)
(1319,561)
(1321,564)
(1324,568)
(1326,571)
(1328,575)
(1330,578)
(1332,582)
(1334,586)
(1336,589)
(1338,593)
(1341,596)
(1343,600)
(1345,604)
(1347,607)
(1349,611)
(1351,614)
(1353,618)
(1355,622)
(1357,625)
(1360,629)
(1362,633)
(1364,636)
(1366,640)
(1368,643)
(1370,647)
(1372,651)
(1374,654)
(1376,658)
(1378,661)
(1380,665)
(1383,669)
(1385,672)
(1387,676)
(1389,680)
(1391,683)
(1393,687)
(1395,691)
(1397,694)
(1399,698)
(1401,702)
(1403,705)
(1405,709)
(1408,712)
(1410,716)
(1411,719)
(1410,724)
(1409,728)
(1409,731)
(1408,735)
(1407,739)
(1406,742)
(1406,746)
(1405,749)
(1404,753)
(1403,756)
(1403,760)
(1402,763)
(1401,767)
(1400,771)
(1400,774)
(1399,778)
(1398,781)
(1397,785)
(1396,788)
(1396,792)
(1395,795)
(1394,799)
(1393,802)
(1392,806)
(1391,810)
(1390,813)
(1388,816)
(1386,818)
(1384,821)
(1382,823)
(1380,826)
(1378,829)
(1376,831)
(1374,834)
(1372,836)
(1369,839)
(1367,841)
(1365,844)
(1363,846)
(1361,849)
(1359,852)
(1357,854)
(1358,856)
(1360,859)
(1361,863)
(1363,867)
(1365,871)
(1367,874)
(1369,878)
(1371,882)
(1373,885)
(1375,889)
(1376,893)
(1378,896)
(1380,900)
(1377,901)
(1373,901)
(1370,902)
(1367,903)
(1363,903)
(1360,904)
(1357,904)
(1353,905)
(1350,906)
(1347,906)
(1344,907)
(1340,908)
(1337,908)
(1334,909)
(1330,910)
(1327,910)
(1324,911)
(1320,912)
(1317,912)
(1313,912)
(1310,912)
(1307,912)
(1303,912)
(1300,912)
(1297,912)
(1294,912)
(1290,912)
(1288,915)
(1286,918)
(1283,919)
(1281,921)
(1278,923)
(1276,925)
(1273,927)
(1270,928)
(1268,930)
(1265,932)
(1263,934)
(1260,936)
(1258,937)
(1256,935)
(1253,933)
(1250,933)
(1247,934)
(1244,937)
(1242,939)
(1240,942)
(1237,945)
(1235,947)
(1232,949)
(1230,952)
(1227,954)
(1224,957)
(1222,959)
(1219,958)
(1216,957)
(1212,955)
(1209,953)
(1206,951)
(1203,949)
(1200,947)
(1196,946)
(1193,945)
(1189,944)
(1186,944)
(1183,944)
(1180,943)
(1176,943)
(1173,942)
(1170,942)
(1167,941)
(1163,941)
(1160,940)
(1157,940)
(1153,940)
(1150,939)
(1147,939)
(1144,938)
(1140,938)
(1137,938)
(1134,937)
(1131,937)
(1127,936)
(1124,936)
(1120,936)
(1117,936)
(1114,935)
(1111,935)
(1107,935)
(1104,935)
(1101,935)
(1097,934)
(1094,934)
(1091,934)
(1088,934)
(1084,934)
(1081,934)
(1078,933)
(1074,933)
(1071,933)
(1068,933)
(1065,933)
(1061,933)
(1058,932)
(1055,932)
(1051,932)
(1048,932)
(1045,932)
(1042,931)
(1040,931)
(1037,931)
(1034,931)
(1030,930)
(1027,930)
(1024,930)
(1021,930)
(1017,930)
(1014,929)
(1011,927)
(1009,924)
(1006,922)
(1004,920)
(1002,917)
(999,915)
(997,913)
(994,910)
(992,908)
(990,906)
(987,904)
(985,901)
(982,899)
(980,897)
(978,894)
(975,892)
(973,890)
(970,887)
(968,885)
(966,883)
(963,880)
(961,878)
(958,876)
(956,874)
(954,871)
(951,869)
(949,867)
(946,864)
(944,862)
(941,860)
(937,857)
(934,855)
(931,853)
(928,851)
(924,848)
(921,846)
(918,844)
(915,841)
(912,839)
(910,837)
(907,835)
(905,834)
(901,831)
(898,830)
(895,828)
(892,826)
(888,827)
(885,827)
(882,826)
(883,824)
(881,822)
(878,820)
(877,821)
(874,821)
(872,818)
(871,815)
(870,812)
(869,809)
(866,808)
(863,808)
(860,809)
(856,810)
(853,811)
(850,811)
(846,812)
(843,813)
(840,814)
(838,811)
(836,808)
(836,802)
(835,800)
(834,797)
(833,794)
(831,793)
(829,795)
(827,795)
(826,796)
(825,800)
(823,801)
(822,799)
(821,799)
(817,795)
(816,796)
(815,794)
(814,795)
(812,792)
(812,791)
(811,789)
(813,789)
(813,788)
(811,788)
(811,787)
(812,787)
(811,785)
(813,785)
(813,784)
(809,775)
(810,773)
(808,773)
(809,771)
(807,772)
(806,770)
(804,770)
(804,768)
(802,768)
(803,766)
(800,765)
(799,763)
(799,761)
(797,761)
(797,759)
(798,758)
(796,757)
(796,755)
(794,754)
(793,754)
(792,752)
(791,753)
(789,753)
(788,750)
(785,750)
(783,749)
(784,746)
(784,740)
(786,738)
(785,736)
(787,735)
(787,732)
(787,731)
(786,729)
(787,724)
(790,721)
(796,709)
(803,687)
(803,677)
(802,664)
(803,651)
(803,642)
(799,628)
(796,609)
(788,596)
(784,595)
(785,593)
(768,578)
(769,565)
(770,564)
(769,559)
(771,539)
(777,520)
(780,518)
(784,514)
(785,509)
(784,506)
(793,496)
(793,494)
(798,487)
(801,469)
(786,443)
(788,433)
(780,425)
(780,416)
(786,408)
(801,401)
(816,385)
(821,377)
(821,374)
(819,370)
(820,367)
(829,340)
(833,333)
(831,322)
(827,320)
(825,317)
(825,307)
(824,300)
(824,295)
(827,293)
(821,268)
(809,255)
(809,249)
(791,248)
(780,246)
(765,237)
(752,219)
(735,220)
(726,218)
(719,220)
(715,217)
(710,218)
(709,220)
(705,221)
(705,214)