2859
(3539,686)
(3546,682)
(3547,678)
(3546,673)
(3547,670)
(3549,672)
(3549,671)
(3552,670)
(3551,668)
(3550,669)
(3548,667)
(3550,665)
(3548,666)
(3547,664)
(3548,662)
(3549,662)
(3550,660)
(3551,657)
(3548,657)
(3548,654)
(3552,654)
(3551,651)
(3549,650)
(3551,648)
(3551,647)
(3553,647)
(3555,646)
(3553,644)
(3557,645)
(3559,647)
(3560,644)
(3559,643)
(3559,641)
(3562,639)
(3564,639)
(3565,635)
(3568,637)
(3569,640)
(3566,640)
(3568,642)
(3571,639)
(3581,637)
(3581,635)
(3584,633)
(3591,638)
(3590,640)
(3584,643)
(3590,646)
(3593,645)
(3594,641)
(3593,640)
(3594,637)
(3592,636)
(3593,634)
(3592,630)
(3591,628)
(3590,630)
(3584,630)
(3581,631)
(3578,636)
(3576,637)
(3573,633)
(3571,627)
(3572,625)
(3580,625)
(3582,622)
(3582,620)
(3584,618)
(3584,616)
(3584,613)
(3582,616)
(3580,623)
(3575,624)
(3573,623)
(3571,622)
(3573,614)
(3567,622)
(3567,626)
(3565,628)
(3561,627)
(3559,631)
(3556,629)
(3554,627)
(3555,626)
(3556,622)
(3553,622)
(3552,620)
(3547,619)
(3548,617)
(3543,618)
(3546,616)
(3542,616)
(3547,614)
(3544,612)
(3541,613)
(3540,608)
(3541,607)
(3542,610)
(3543,610)
(3543,608)
(3541,604)
(3542,602)
(3538,601)
(3537,590)
(3538,589)
(3538,591)
(3540,591)
(3543,587)
(3542,585)
(3545,582)
(3543,581)
(3544,579)
(3547,578)
(3548,578)
(3547,576)
(3547,572)
(3545,577)
(3542,578)
(3541,583)
(3539,583)
(3540,582)
(3539,579)
(3537,581)
(3537,579)
(3536,576)
(3535,575)
(3536,568)
(3534,571)
(3534,570)
(3534,568)
(3533,567)
(3534,563)
(3533,562)
(3533,564)
(3532,564)
(3531,560)
(3532,558)
(3530,556)
(3529,558)
(3531,564)
(3530,567)
(3527,562)
(3527,564)
(3524,558)
(3524,544)
(3523,544)
(3523,550)
(3524,546)
(3523,553)
(3522,552)
(3521,543)
(3521,551)
(3520,552)
(3516,542)
(3515,538)
(3516,535)
(3515,537)
(3513,537)
(3509,530)
(3506,523)
(3502,521)
(3502,518)
(3499,516)
(3501,515)
(3497,510)
(3495,510)
(3495,506)
(3496,504)
(3494,504)
(3495,502)
(3492,495)
(3491,496)
(3489,493)
(3487,493)
(3489,490)
(3486,488)
(3486,487)
(3486,483)
(3488,482)
(3489,485)
(3493,481)
(3489,481)
(3487,477)
(3485,477)
(3484,473)
(3484,464)
(3483,462)
(3484,460)
(3483,460)
(3483,458)
(3481,457)
(3481,456)
(3482,455)
(3481,455)
(3480,449)
(3482,436)
(3483,435)
(3482,430)
(3483,429)
(3482,424)
(3480,424)
(3479,420)
(3482,420)
(3483,423)
(3484,425)
(3483,427)
(3486,429)
(3482,417)
(3485,419)
(3486,420)
(3486,418)
(3483,415)
(3485,415)
(3486,414)
(3484,413)
(3485,408)
(3487,411)
(3487,417)
(3488,419)
(3487,414)
(3489,409)
(3491,408)
(3491,407)
(3487,409)
(3487,404)
(3491,403)
(3487,401)
(3484,407)
(3483,406)
(3484,396)
(3487,392)
(3488,394)
(3490,396)
(3490,400)
(3491,399)
(3492,400)
(3496,411)
(3493,401)
(3497,398)
(3497,399)
(3498,402)
(3499,402)
(3499,397)
(3495,397)
(3494,396)
(3496,388)
(3496,380)
(3498,377)
(3503,361)
(3505,358)
(3508,357)
(3509,345)
(3511,343)
(3513,338)
(3517,334)
(3520,331)
(3522,331)
(3525,327)
(3528,331)
(3532,332)
(3533,334)
(3536,332)
(3537,333)
(3534,337)
(3535,338)
(3538,333)
(3539,335)
(3539,332)
(3542,333)
(3538,343)
(3532,343)
(3536,345)
(3535,349)
(3537,349)
(3538,351)
(3536,356)
(3534,357)
(3531,365)
(3530,370)
(3530,373)
(3531,368)
(3533,363)
(3537,367)
(3541,382)
(3543,397)
(3542,384)
(3540,369)
(3538,366)
(3534,362)
(3538,358)
(3539,360)
(3539,363)
(3541,361)
(3541,356)
(3544,352)
(3546,354)
(3549,367)
(3548,361)
(3550,360)
(3555,370)
(3556,376)
(3559,380)
(3559,388)
(3559,380)
(3557,375)
(3555,367)
(3558,365)
(3558,374)
(3560,374)
(3562,372)
(3560,372)
(3559,371)
(3560,369)
(3559,366)
(3560,363)
(3559,361)
(3560,360)
(3563,362)
(3566,371)
(3570,374)
(3573,387)
(3573,393)
(3574,383)
(3571,375)
(3579,379)
(3579,378)
(3572,373)
(3567,369)
(3565,364)
(3564,361)
(3566,359)
(3564,358)
(3563,360)
(3561,356)
(3565,353)
(3567,353)
(3567,359)
(3569,369)
(3569,353)
(3572,348)
(3571,347)
(3568,348)
(3567,344)
(3568,342)
(3566,343)
(3564,339)
(3566,347)
(3563,352)
(3561,351)
(3560,343)
(3558,341)
(3557,337)
(3560,339)
(3564,336)
(3565,333)
(3564,335)
(3560,335)
(3556,331)
(3558,326)
(3564,326)
(3562,324)
(3558,325)
(3558,323)
(3565,320)
(3561,320)
(3560,319)
(3561,317)
(3564,316)
(3566,312)
(3570,311)
(3571,315)
(3572,312)
(3575,316)
(3579,322)
(3576,325)
(3577,326)
(3580,324)
(3584,329)
(3582,331)
(3577,329)
(3574,330)
(3572,327)
(3572,325)
(3570,325)
(3573,331)
(3575,332)
(3578,332)
(3580,334)
(3579,343)
(3578,344)
(3576,343)
(3576,346)
(3579,346)
(3579,353)
(3580,353)
(3580,347)
(3581,344)
(3583,349)
(3584,353)
(3586,354)
(3585,356)
(3584,357)
(3585,364)
(3589,373)
(3591,378)
(3590,372)
(3586,363)
(3585,359)
(3586,357)
(3587,356)
(3589,358)
(3591,357)
(3591,358)
(3591,356)
(3587,355)
(3586,350)
(3590,342)
(3591,342)
(3591,343)
(3591,342)
(3591,339)
(3592,344)
(3594,344)
(3596,346)
(3597,358)
(3598,359)
(3600,357)
(3604,362)
(3607,377)
(3608,375)
(3609,375)
(3607,371)
(3606,367)
(3611,364)
(3613,369)
(3616,373)
(3618,372)
(3619,376)
(3620,380)
(3622,380)
(3623,386)
(3625,388)
(3626,392)
(3625,398)
(3616,392)
(3607,390)
(3605,391)
(3610,392)
(3614,395)
(3616,394)
(3622,399)
(3623,402)
(3626,404)
(3628,409)
(3629,416)
(3628,423)
(3630,426)
(3630,414)
(3633,418)
(3635,420)
(3632,414)
(3630,411)
(3628,404)
(3627,402)
(3626,398)
(3627,396)
(3628,396)
(3630,402)
(3631,401)
(3628,394)
(3625,383)
(3623,377)
(3624,374)
(3628,371)
(3625,371)
(3622,375)
(3622,367)
(3621,371)
(3618,369)
(3617,370)
(3615,368)
(3614,367)
(3616,360)
(3610,355)
(3610,351)
(3602,353)
(3600,347)
(3601,346)
(3599,345)
(3600,342)
(3604,341)
(3604,346)
(3605,348)
(3605,345)
(3604,345)
(3605,343)
(3606,342)
(3608,344)
(3610,342)
(3612,347)
(3611,340)
(3609,339)
(3608,335)
(3609,333)
(3610,335)
(3612,334)
(3614,342)
(3614,336)
(3616,338)
(3614,335)
(3615,334)
(3621,340)
(3622,343)
(3623,344)
(3623,343)
(3621,337)
(3613,332)
(3610,326)
(3608,325)
(3609,321)
(3610,322)
(3611,318)
(3612,321)
(3613,318)
(3612,313)
(3616,319)
(3617,310)
(3619,310)
(3619,314)
(3621,312)
(3620,309)
(3621,309)
(3622,309)
(3623,312)
(3623,318)
(3628,314)
(3631,318)
(3625,330)
(3625,338)
(3627,339)
(3627,342)
(3628,343)
(3638,343)
(3639,345)
(3640,343)
(3642,345)
(3642,340)
(3645,341)
(3642,336)
(3641,332)
(3638,332)
(3636,324)
(3634,322)
(3633,316)
(3639,305)
(3640,308)
(3637,314)
(3639,311)
(3642,305)
(3642,309)
(3643,308)
(3644,303)
(3646,301)
(3648,296)
(3648,300)
(3646,303)
(3643,317)
(3638,320)
(3638,322)
(3640,321)
(3638,326)
(3640,322)
(3641,324)
(3639,326)
(3644,322)
(3645,315)
(3646,314)
(3648,317)
(3648,321)
(3650,320)
(3651,322)
(3652,330)
(3652,332)
(3653,328)
(3654,329)
(3652,320)
(3650,319)
(3649,315)
(3650,310)
(3651,310)
(3648,309)
(3649,307)
(3650,308)
(3650,303)
(3657,299)
(3658,300)
(3657,305)
(3653,305)
(3652,306)
(3657,306)
(3658,309)
(3659,308)
(3658,305)
(3659,300)
(3662,300)
(3664,304)
(3663,314)
(3662,317)
(3662,325)
(3660,327)
(3663,328)
(3664,334)
(3663,338)
(3665,336)
(3665,341)
(3667,346)
(3666,347)
(3664,347)
(3665,350)
(3667,350)
(3667,367)
(3666,376)
(3664,376)
(3662,375)
(3664,378)
(3664,382)
(3661,380)
(3660,382)
(3664,384)
(3666,393)
(3670,397)
(3669,400)
(3668,409)
(3668,411)
(3665,412)
(3665,417)
(3660,420)
(3656,412)
(3658,422)
(3656,428)
(3652,427)
(3654,430)
(3657,430)
(3658,424)
(3666,420)
(3667,431)
(3668,434)
(3666,446)
(3667,443)
(3669,441)
(3671,446)
(3672,459)
(3674,462)
(3674,458)
(3672,456)
(3672,443)
(3673,441)
(3676,440)
(3677,438)
(3680,442)
(3682,442)
(3689,454)
(3684,441)
(3683,440)
(3683,436)
(3681,439)
(3677,434)
(3676,437)
(3673,438)
(3671,442)
(3670,438)
(3671,433)
(3670,430)
(3669,429)
(3668,420)
(3667,417)
(3667,416)
(3669,415)
(3671,420)
(3670,415)
(3671,410)
(3671,403)
(3673,394)
(3674,394)
(3676,398)
(3680,402)
(3684,402)
(3676,395)
(3675,393)
(3677,391)
(3676,390)
(3672,392)
(3672,388)
(3669,391)
(3668,390)
(3667,386)
(3667,381)
(3668,374)
(3669,371)
(3671,371)
(3669,368)
(3669,360)
(3670,358)
(3671,362)
(3672,362)
(3670,355)
(3669,347)
(3672,347)
(3669,345)
(3668,340)
(3668,333)
(3666,329)
(3664,324)
(3666,320)
(3667,318)
(3666,312)
(3668,310)
(3668,313)
(3669,310)
(3668,307)
(3670,303)
(3671,306)
(3670,313)
(3671,314)
(3673,309)
(3673,300)
(3674,304)
(3674,300)
(3675,300)
(3675,297)
(3678,306)
(3678,310)
(3680,310)
(3680,313)
(3679,317)
(3675,320)
(3679,319)
(3681,316)
(3682,322)
(3682,327)
(3682,338)
(3683,324)
(3682,316)
(3681,309)
(3679,303)
(3679,302)
(3680,304)
(3681,300)
(3683,300)
(3684,303)
(3682,304)
(3684,305)
(3685,307)
(3684,299)
(3685,297)
(3687,305)
(3687,311)
(3688,311)
(3687,319)
(3687,320)
(3688,319)
(3686,332)
(3687,333)
(3687,337)
(3689,340)
(3687,348)
(3689,346)
(3690,342)
(3689,338)
(3687,333)
(3687,327)
(3689,326)
(3689,317)
(3691,309)
(3693,309)
(3693,321)
(3695,309)
(3696,316)
(3696,320)
(3695,319)
(3695,325)
(3696,322)
(3697,314)
(3696,306)
(3698,321)
(3699,321)
(3698,315)
(3698,298)
(3701,296)
(3704,299)
(3705,303)
(3702,308)
(3703,310)
(3705,308)
(3706,314)
(3706,304)
(3709,316)
(3710,315)
(3710,320)
(3711,317)
(3712,317)
(3714,321)
(3715,325)
(3713,340)
(3711,345)
(3710,342)
(3709,338)
(3710,341)
(3711,356)
(3706,356)
(3704,354)
(3706,357)
(3710,358)
(3708,363)
(3706,366)
(3706,370)
(3706,371)
(3710,364)
(3710,376)
(3709,381)
(3708,388)
(3709,392)
(3712,395)
(3712,401)
(3710,407)
(3712,409)
(3713,402)
(3714,400)
(3712,393)
(3709,389)
(3711,377)
(3710,367)
(3712,362)
(3713,354)
(3711,347)
(3713,344)
(3715,358)
(3715,340)
(3715,336)
(3715,327)
(3716,326)
(3714,309)
(3715,306)
(3718,309)
(3718,310)
(3717,311)
(3718,313)
(3717,314)
(3721,318)
(3721,324)
(3726,312)
(3726,306)
(3728,308)
(3729,304)
(3731,305)
(3731,309)
(3733,309)
(3733,310)
(3730,317)
(3727,317)
(3723,327)
(3720,328)
(3724,332)
(3724,335)
(3724,336)
(3727,323)
(3731,325)
(3731,329)
(3730,338)
(3727,340)
(3725,345)
(3728,341)
(3730,340)
(3732,352)
(3731,355)
(3729,356)
(3726,355)
(3723,351)
(3721,351)
(3724,356)
(3728,358)
(3726,363)
(3724,363)
(3725,369)
(3723,381)
(3724,381)
(3725,376)
(3726,365)
(3732,355)
(3734,356)
(3732,360)
(3732,364)
(3733,360)
(3735,357)
(3738,361)
(3742,379)
(3736,384)
(3735,387)
(3729,394)
(3726,392)
(3728,395)
(3729,395)
(3739,385)
(3742,383)
(3744,386)
(3744,390)
(3741,394)
(3744,393)
(3747,402)
(3745,413)
(3741,413)
(3737,419)
(3731,421)
(3728,417)
(3726,417)
(3725,419)
(3725,422)
(3727,428)
(3726,431)
(3727,430)
(3728,428)
(3726,422)
(3727,418)
(3731,422)
(3736,421)
(3736,427)
(3735,433)
(3737,438)
(3734,445)
(3737,442)
(3737,430)
(3739,419)
(3742,415)
(3742,418)
(3747,411)
(3747,406)
(3749,407)
(3748,403)
(3749,402)
(3746,393)
(3745,383)
(3747,380)
(3747,374)
(3748,374)
(3749,386)
(3749,401)
(3751,397)
(3750,390)
(3751,389)
(3751,392)
(3752,394)
(3752,392)
(3751,376)
(3755,375)
(3757,380)
(3756,386)
(3757,393)
(3754,397)
(3757,397)
(3756,399)
(3759,405)
(3756,413)
(3754,414)
(3757,416)
(3759,414)
(3759,425)
(3757,422)
(3757,426)
(3752,428)
(3754,429)
(3756,428)
(3758,430)
(3756,441)
(3753,446)
(3753,450)
(3750,452)
(3753,454)
(3754,467)
(3755,463)
(3754,451)
(3754,447)
(3757,445)
(3758,449)
(3755,450)
(3755,451)
(3757,452)
(3759,450)
(3760,451)
(3764,468)
(3764,474)
(3763,478)
(3764,479)
(3762,489)
(3765,483)
(3766,484)
(3764,461)
(3761,450)
(3761,442)
(3763,445)
(3764,442)
(3766,450)
(3767,461)
(3768,458)
(3767,448)
(3765,442)
(3763,418)
(3765,419)
(3766,417)
(3768,420)
(3769,424)
(3769,433)
(3770,429)
(3771,428)
(3770,420)
(3774,417)
(3775,413)
(3776,420)
(3779,426)
(3781,436)
(3777,445)
(3775,447)
(3775,448)
(3776,454)
(3778,459)
(3778,466)
(3777,467)
(3774,461)
(3778,479)
(3776,485)
(3769,490)
(3767,498)
(3763,505)
(3763,509)
(3759,513)
(3760,514)
(3763,513)
(3767,501)
(3768,499)
(3770,491)
(3773,490)
(3774,492)
(3775,491)
(3777,488)
(3780,480)
(3782,478)
(3781,477)
(3780,478)
(3780,474)
(3780,473)
(3783,478)
(3785,479)
(3786,485)
(3784,488)
(3782,488)
(3778,500)
(3776,498)
(3772,500)
(3773,504)
(3770,512)
(3772,512)
(3773,506)
(3773,508)
(3772,515)
(3769,522)
(3773,517)
(3774,509)
(3777,505)
(3778,507)
(3778,519)
(3779,520)
(3779,511)
(3781,515)
(3778,502)
(3780,499)
(3781,508)
(3781,499)
(3782,494)
(3784,493)
(3787,490)
(3788,493)
(3785,497)
(3785,499)
(3787,499)
(3788,494)
(3789,498)
(3788,502)
(3788,512)
(3786,518)
(3787,518)
(3788,514)
(3790,514)
(3791,518)
(3792,536)
(3792,516)
(3795,515)
(3798,509)
(3800,526)
(3803,519)
(3804,519)
(3805,521)
(3804,523)
(3805,524)
(3806,529)
(3804,533)
(3805,533)
(3805,540)
(3806,538)
(3808,541)
(3805,547)
(3802,549)
(3801,546)
(3798,545)
(3801,554)
(3802,564)
(3804,569)
(3803,565)
(3802,552)
(3803,550)
(3806,551)
(3809,569)
(3808,560)
(3810,556)
(3808,556)
(3807,557)
(3807,553)
(3808,549)
(3810,549)
(3810,554)
(3811,554)
(3812,555)
(3812,558)
(3814,562)
(3811,562)
(3811,565)
(3814,568)
(3814,572)
(3812,574)
(3815,573)
(3815,570)
(3818,583)
(3812,589)
(3811,589)
(3806,598)
(3803,596)
(3799,590)
(3801,600)
(3800,606)
(3800,614)
(3799,615)
(3796,616)
(3799,617)
(3800,615)
(3801,607)
(3803,603)
(3806,605)
(3808,618)
(3806,622)
(3807,627)
(3806,634)
(3807,641)
(3805,648)
(3806,650)
(3808,655)
(3809,647)
(3811,646)
(3812,648)
(3813,655)
(3814,655)
(3814,651)
(3815,654)
(3816,655)
(3816,653)
(3813,640)
(3816,643)
(3818,651)
(3822,658)
(3822,669)
(3826,675)
(3827,687)
(3831,685)
(3831,681)
(3832,676)
(3831,668)
(3831,666)
(3834,666)
(3835,672)
(3838,676)
(3839,686)
(3840,690)
(3841,690)
(3841,687)
(3842,685)
(3841,681)
(3842,675)
(3844,674)
(3846,681)
(3847,678)
(3844,673)
(3841,672)
(3839,667)
(3833,648)
(3832,642)
(3828,634)
(3831,648)
(3834,655)
(3833,662)
(3830,665)
(3828,660)
(3825,658)
(3824,655)
(3820,638)
(3818,637)
(3814,624)
(3813,614)
(3810,606)
(3809,599)
(3810,595)
(3815,594)
(3816,590)
(3817,588)
(3819,590)
(3820,587)
(3821,589)
(3823,600)
(3826,606)
(3825,600)
(3827,602)
(3825,595)
(3823,591)
(3822,579)
(3820,574)
(3820,572)
(3822,574)
(3823,573)
(3826,587)
(3825,575)
(3826,573)
(3829,578)
(3832,592)
(3832,590)
(3833,588)
(3834,594)
(3833,595)
(3835,602)
(3836,611)
(3838,609)
(3836,603)
(3835,597)
(3839,608)
(3838,604)
(3839,604)
(3837,596)
(3843,602)
(3846,600)
(3847,602)
(3845,606)
(3846,612)
(3847,613)
(3847,607)
(3848,608)
(3848,610)
(3849,610)
(3849,612)
(3851,610)
(3852,611)
(3851,614)
(3852,617)
(3851,622)
(3853,622)
(3854,615)
(3855,620)
(3856,621)
(3855,624)
(3857,624)
(3857,626)
(3858,630)
(3858,627)
(3861,628)
(3860,633)
(3861,631)
(3862,633)
(3860,636)
(3861,639)
(3862,636)
(3864,634)
(3864,628)
(3866,630)
(3866,633)
(3864,638)
(3866,634)
(3867,637)
(3865,640)
(3864,644)
(3863,646)
(3862,651)
(3864,647)
(3866,647)
(3866,642)
(3867,639)
(3868,642)
(3868,650)
(3870,649)
(3869,653)
(3868,654)
(3869,655)
(3869,658)
(3870,655)
(3870,658)
(3873,658)
(3875,655)
(3876,658)
(3874,664)
(3871,664)
(3871,666)
(3869,671)
(3867,670)
(3866,672)
(3867,673)
(3867,676)
(3866,680)
(3859,674)
(3863,681)
(3864,683)
(3865,682)
(3867,685)
(3866,687)
(3868,691)
(3868,699)
(3868,687)
(3870,687)
(3871,693)
(3873,691)
(3873,694)
(3872,693)
(3872,694)
(3875,707)
(3876,703)
(3875,698)
(3877,698)
(3877,696)
(3876,693)
(3876,695)
(3875,695)
(3874,691)
(3878,685)
(3880,684)
(3882,685)
(3882,684)
(3884,691)
(3885,692)
(3884,697)
(3885,696)
(3886,693)
(3886,694)
(3887,703)
(3886,704)
(3888,710)
(3889,699)
(3890,707)
(3891,707)
(3890,699)
(3893,704)
(3896,716)
(3896,720)
(3897,726)
(3896,733)
(3898,728)
(3898,722)
(3897,719)
(3897,715)
(3892,697)
(3890,697)
(3889,693)
(3889,688)
(3885,683)
(3884,675)
(3886,681)
(3888,686)
(3889,675)
(3890,676)
(3892,693)
(3894,702)
(3893,694)
(3891,675)
(3893,678)
(3895,687)
(3893,692)
(3895,696)
(3894,692)
(3896,689)
(3897,695)
(3896,698)
(3898,697)
(3897,700)
(3898,709)
(3901,709)
(3904,718)
(3903,721)
(3902,720)
(3902,722)
(3903,724)
(3902,724)
(3902,729)
(3899,731)
(3903,732)
(3904,738)
(3905,740)
(3905,747)
(3907,750)
(3907,758)
(3908,756)
(3909,760)
(3911,762)
(3912,767)
(3915,769)
(3918,776)
(3920,777)
(3920,775)
(3912,760)
(3908,750)
(3908,744)
(3910,742)
(3911,750)
(3913,746)
(3914,745)
(3913,741)
(3914,743)
(3915,763)
(3916,759)
(3916,756)
(3915,756)
(3916,752)
(3915,747)
(3916,745)
(3916,741)
(3914,735)
(3918,740)
(3918,745)
(3920,749)
(3919,745)
(3922,751)
(3921,751)
(3921,756)
(3920,761)
(3921,759)
(3922,752)
(3927,749)
(3927,753)
(3925,754)
(3926,756)
(3922,763)
(3926,758)
(3927,760)
(3927,767)
(3928,756)
(3929,759)
(3929,756)
(3930,754)
(3932,757)
(3932,755)
(3935,755)
(3932,753)
(3931,750)
(3931,748)
(3935,752)
(3931,746)
(3933,743)
(3935,745)
(3935,741)
(3939,742)
(3942,746)
(3944,751)
(3943,755)
(3941,755)
(3941,758)
(3939,757)
(3938,767)
(3939,767)
(3939,760)
(3942,759)
(3945,753)
(3947,757)
(3948,759)
(3947,763)
(3950,762)
(3949,757)
(3951,757)
(3955,760)
(3958,770)
(3955,778)
(3955,782)
(3951,791)
(3956,787)
(3957,779)
(3959,775)
(3960,778)
(3963,778)
(3964,782)
(3965,781)
(3963,773)
(3962,764)
(3963,764)
(3964,760)
(3968,771)
(3969,783)
(3968,785)
(3973,799)
(3974,813)
(3974,815)
(3972,815)
(3971,810)
(3971,815)
(3969,813)
(3967,812)
(3966,813)
(3969,817)
(3970,825)
(3969,830)
(3970,830)
(3971,827)
(3970,821)
(3971,817)
(3974,820)
(3974,828)
(3972,826)
(3972,827)
(3973,831)
(3974,839)
(3976,840)
(3979,849)
(3980,847)
(3978,842)
(3978,838)
(3976,835)
(3976,828)
(3977,825)
(3975,823)
(3974,817)
(3975,814)
(3977,817)
(3977,815)
(3975,807)
(3975,798)
(3972,791)
(3971,783)
(3972,782)
(3976,793)
(3978,800)
(3978,812)
(3979,804)
(3980,807)
(3980,802)
(3982,799)
(3979,800)
(3978,792)
(3978,788)
(3979,790)
(3979,785)
(3979,781)
(3981,780)
(3984,790)
(3986,789)
(3987,786)
(3988,790)
(3991,778)
(3992,786)
(3991,793)
(3987,794)
(3987,803)
(3988,796)
(3990,798)
(3991,796)
(3992,800)
(3993,808)
(3991,820)
(3992,817)
(3994,807)
(3996,814)
(3996,824)
(3996,812)
(3993,805)
(3992,796)
(3994,792)
(3996,794)
(3997,804)
(3998,793)
(3999,790)
(4000,791)
(3999,807)
(3998,812)
(4000,809)
(4001,798)
(4003,794)
(4003,797)
(4003,809)
(4001,814)
(4001,822)
(4003,822)
(4004,834)
(4004,819)
(4003,817)
(4003,813)
(4005,814)
(4005,825)
(4006,813)
(4007,810)
(4008,817)
(4007,829)
(4007,839)
(4008,836)
(4009,828)
(4010,826)
(4010,822)
(4011,822)
(4012,818)
(4014,817)
(4014,812)
(4015,812)
(4016,815)
(4016,827)
(4018,826)
(4018,830)
(4019,833)
(4020,837)
(4019,838)
(4017,833)
(4015,835)
(4015,837)
(4016,836)
(4019,843)
(4021,841)
(4023,842)
(4023,843)
(4023,845)
(4020,846)
(4018,849)
(4017,848)
(4018,849)
(4019,854)
(4021,856)
(4023,855)
(4024,864)
(4023,872)
(4021,873)
(4021,874)
(4022,876)
(4023,874)
(4025,856)
(4029,861)
(4030,867)
(4027,865)
(4026,866)
(4029,868)
(4029,882)
(4027,884)
(4028,885)
(4030,883)
(4031,871)
(4031,881)
(4032,886)
(4033,899)
(4032,896)
(4029,893)
(4025,899)
(4027,900)
(4029,896)
(4032,901)
(4033,905)
(4031,909)
(4031,914)
(4030,917)
(4030,923)
(4025,924)
(4024,930)
(4026,926)
(4029,929)
(4031,923)
(4032,923)
(4032,929)
(4030,944)
(4033,942)
(4032,935)
(4034,924)
(4032,918)
(4033,916)
(4033,919)
(4034,920)
(4034,912)
(4035,904)
(4036,909)
(4039,909)
(4038,902)
(4036,898)
(4036,892)
(4036,887)
(4035,890)
(4034,886)
(4033,882)
(4033,877)
(4034,882)
(4037,882)
(4035,873)
(4034,860)
(4040,873)
(4043,877)
(4044,874)
(4045,878)
(4045,888)
(4042,889)
(4045,893)
(4046,903)
(4046,890)
(4047,890)
(4048,886)
(4048,887)
(4050,884)
(4053,895)
(4054,904)
(4053,909)
(4052,909)
(4052,906)
(4053,900)
(4053,899)
(4050,903)
(4049,899)
(4048,890)
(4048,899)
(4051,911)
(4049,913)
(4049,909)
(4048,910)
(4045,909)
(4048,914)
(4049,919)
(4048,927)
(4044,932)
(4041,932)
(4038,939)
(4037,936)
(4036,938)
(4038,942)
(4040,937)
(4043,936)
(4046,931)
(4047,935)
(4048,932)
(4049,933)
(4052,942)
(4053,953)
(4054,954)
(4053,943)
(4051,934)
(4051,922)
(4052,914)
(4055,915)
(4056,918)
(4055,925)
(4053,927)
(4057,926)
(4058,924)
(4057,923)
(4056,922)
(4057,911)
(4060,915)
(4061,920)
(4061,916)
(4063,919)
(4061,930)
(4060,932)
(4061,932)
(4060,939)
(4062,935)
(4062,928)
(4064,924)
(4065,936)
(4060,950)
(4064,947)
(4066,938)
(4067,942)
(4066,935)
(4067,925)
(4070,927)
(4071,925)
(4069,924)
(4071,922)
(4068,922)
(4064,912)
(4063,911)
(4060,900)
(4058,889)
(4059,884)
(4062,893)
(4062,889)
(4063,887)
(4064,907)
(4065,901)
(4065,899)
(4067,902)
(4067,899)
(4065,890)
(4067,890)
(4067,886)
(4068,885)
(4069,888)
(4069,893)
(4070,898)
(4070,905)
(4071,906)
(4071,904)
(4070,891)
(4072,893)
(4074,900)
(4072,914)
(4070,912)
(4074,920)
(4073,920)
(4075,933)
(4072,930)
(4071,932)
(4073,932)
(4075,936)
(4076,936)
(4077,946)
(4074,952)
(4076,953)
(4078,957)
(4080,958)
(4080,963)
(4081,963)
(4081,952)
(4082,951)
(4083,954)
(4084,952)
(4082,948)
(4082,936)
(4085,932)
(4083,930)
(4081,923)
(4080,926)
(4079,924)
(4080,919)
(4082,917)
(4083,921)
(4084,921)
(4087,926)
(4088,930)
(4085,932)
(4087,933)
(4088,938)
(4090,939)
(4089,940)
(4088,944)
(4087,942)
(4086,944)
(4086,937)
(4083,937)
(4083,939)
(4084,940)
(4084,944)
(4085,945)
(4085,951)
(4088,955)
(4091,952)
(4091,957)
(4095,958)
(4094,963)
(4090,962)
(4089,963)
(4090,966)
(4086,964)
(4084,966)
(4082,962)
(4078,972)
(4073,973)
(4068,991)
(4069,986)
(4071,987)
(4073,975)
(4078,977)
(4080,972)
(4080,976)
(4075,984)
(4074,987)
(4076,988)
(4077,985)
(4079,980)
(4080,980)
(4080,984)
(4078,987)
(4078,992)
(4079,988)
(4081,990)
(4082,982)
(4084,984)
(4086,988)
(4084,992)
(4083,1000)
(4084,1000)
(4084,1003)
(4085,994)
(4087,989)
(4084,981)
(4085,978)
(4086,978)
(4088,975)
(4087,979)
(4089,982)
(4088,984)
(4089,984)
(4089,988)
(4090,988)
(4091,985)
(4090,995)
(4092,988)
(4093,987)
(4092,985)
(4092,970)
(4093,970)
(4094,982)
(4095,979)
(4095,976)
(4096,966)
(4098,969)
(4099,971)
(4098,973)
(4098,978)
(4097,979)
(4097,982)
(4096,985)
(4095,991)
(4092,994)
(4088,1004)
(4088,1008)
(4092,998)
(4096,995)
(4098,989)
(4099,975)
(4101,977)
(4101,974)
(4103,988)
(4104,1002)
(4102,1013)
(4099,1010)
(4102,1022)
(4102,1028)
(4098,1032)
(4095,1040)
(4090,1040)
(4091,1042)
(4094,1041)
(4094,1045)
(4095,1045)
(4100,1033)
(4102,1032)
(4103,1035)
(4104,1035)
(4104,1040)
(4101,1054)
(4102,1054)
(4105,1042)
(4105,1055)
(4103,1067)
(4102,1069)
(4103,1072)
(4104,1067)
(4107,1058)
(4107,1048)
(4110,1053)
(4112,1052)
(4110,1041)
(4107,1033)
(4106,1021)
(4107,1021)
(4107,1025)
(4108,1026)
(4110,1020)
(4107,1011)
(4106,992)
(4106,990)
(4110,988)
(4112,991)
(4112,998)
(4116,994)
(4119,999)
(4122,1019)
(4118,1026)
(4118,1030)
(4119,1031)
(4119,1028)
(4121,1026)
(4123,1035)
(4123,1042)
(4120,1048)
(4120,1055)
(4119,1061)
(4121,1057)
(4121,1048)
(4124,1045)
(4124,1038)
(4125,1034)
(4129,1047)
(4125,1067)
(4127,1066)
(4127,1060)
(4130,1048)
(4133,1059)
(4133,1064)
(4132,1065)
(4132,1070)
(4133,1070)
(4134,1064)
(4136,1062)
(4135,1051)
(4134,1046)
(4137,1049)
(4137,1052)
(4139,1052)
(4139,1049)
(4145,1060)
(4146,1058)
(4147,1071)
(4149,1080)
(4149,1089)
(4150,1084)
(4154,1086)
(4154,1079)
(4158,1081)
(4159,1086)
(4163,1090)
(4167,1089)
(4169,1097)
(4167,1102)
(4163,1102)
(4164,1105)
(4162,1110)
(4157,1110)
(4154,1111)
(4161,1113)
(4157,1118)
(4155,1121)
(4157,1122)
(4159,1120)
(4159,1126)
(4159,1133)
(4158,1135)
(4157,1140)
(4159,1137)
(4162,1118)
(4166,1114)
(4167,1107)
(4171,1108)
(4173,1117)
(4172,1126)
(4173,1131)
(4170,1131)
(4165,1140)
(4164,1141)
(4161,1147)
(4161,1158)
(4159,1162)
(4157,1161)
(4157,1152)
(4155,1150)
(4156,1155)
(4156,1157)
(4154,1155)
(4154,1157)
(4153,1161)
(4154,1164)
(4153,1170)
(4155,1167)
(4159,1167)
(4161,1165)
(4163,1158)
(4163,1147)
(4165,1145)
(4167,1140)
(4171,1140)
(4173,1151)
(4171,1156)
(4174,1154)
(4173,1145)
(4172,1141)
(4174,1137)
(4177,1137)
(4181,1145)
(4184,1146)
(4185,1151)
(4187,1156)
(4186,1165)
(4188,1174)
(4188,1186)
(4180,1181)
(4178,1184)
(4170,1177)
(4168,1179)
(4165,1173)
(4164,1173)
(4166,1178)
(4166,1181)
(4175,1185)
(4176,1185)
(4177,1188)
(4175,1198)
(4175,1207)
(4177,1192)
(4181,1189)
(4186,1193)
(4190,1201)
(4186,1198)
(4186,1199)
(4187,1202)
(4195,1209)
(4196,1210)
(4193,1210)
(4191,1213)
(4195,1212)
(4198,1217)
(4193,1225)
(4180,1219)
(4176,1223)
(4175,1222)
(4174,1217)
(4172,1218)
(4167,1215)
(4168,1213)
(4164,1211)
(4160,1199)
(4159,1200)
(4157,1195)
(4155,1197)
(4159,1202)
(4163,1212)
(4163,1217)
(4169,1223)
(4175,1229)
(4172,1237)
(4169,1251)
(4172,1243)
(4175,1239)
(4178,1229)
(4182,1233)
(4186,1229)
(4186,1237)
(4188,1248)
(4190,1250)
(4192,1247)
(4195,1255)
(4197,1265)
(4191,1254)
(4190,1258)
(4189,1257)
(4187,1261)
(4188,1263)
(4189,1260)
(4190,1263)
(4192,1264)
(4192,1271)
(4189,1268)
(4189,1270)
(4191,1274)
(4194,1273)
(4194,1280)
(4196,1272)
(4200,1275)
(4201,1279)
(4201,1285)
(4199,1293)
(4197,1296)
(4195,1295)
(4193,1301)
(4193,1307)
(4190,1313)
(4186,1317)
(4185,1323)
(4184,1319)
(4184,1326)
(4188,1323)
(4190,1315)
(4190,1320)
(4191,1321)
(4192,1316)
(4196,1314)
(4199,1316)
(4199,1320)
(4198,1322)
(4197,1322)
(4196,1324)
(4201,1323)
(4202,1327)
(4201,1315)
(4202,1308)
(4203,1311)
(4204,1321)
(4207,1326)
(4205,1320)
(4205,1313)
(4205,1310)
(4204,1309)
(4203,1304)
(4206,1297)
(4205,1293)
(4206,1288)
(4209,1286)
(4210,1289)
(4210,1279)
(4212,1275)
(4212,1272)
(4215,1278)
(4216,1285)
(4214,1287)
(4213,1290)
(4218,1291)
(4219,1294)
(4216,1297)
(4212,1308)
(4209,1312)
(4211,1311)
(4212,1313)
(4213,1309)
(4215,1308)
(4219,1320)
(4219,1322)
(4217,1319)
(4218,1326)
(4214,1328)
(4217,1329)
(4217,1339)
(4214,1336)
(4212,1337)
(4210,1338)
(4208,1334)
(4209,1342)
(4207,1353)
(4208,1351)
(4210,1340)
(4212,1341)
(4215,1344)
(4214,1355)
(4213,1356)
(4213,1362)
(4212,1378)
(4207,1369)
(4205,1347)
(4202,1338)
(4206,1372)
(4209,1380)
(4202,1381)
(4201,1383)
(4202,1388)
(4199,1387)
(4198,1389)
(4197,1386)
(4196,1388)
(4200,1399)
(4198,1401)
(4196,1399)
(4199,1408)
(4201,1412)
(4202,1400)
(4205,1391)
(4206,1402)
(4208,1404)
(4210,1398)
(4211,1405)
(4211,1399)
(4213,1395)
(4214,1412)
(4215,1406)
(4214,1399)
(4215,1398)
(4217,1406)
(4218,1417)
(4218,1412)
(4219,1412)
(4219,1408)
(4222,1411)
(4227,1426)
(4229,1429)
(4231,1439)
(4229,1455)
(4227,1461)
(4231,1455)
(4232,1446)
(4236,1456)
(4237,1456)
(4240,1457)
(4241,1462)
(4241,1463)
(4240,1469)
(4237,1477)
(4237,1481)
(4237,1484)
(4239,1484)
(4244,1474)
(4246,1455)
(4250,1456)
(4252,1464)
(4249,1468)
(4247,1478)
(4251,1476)
(4252,1484)
(4254,1477)
(4254,1478)
(4256,1474)
(4257,1479)
(4258,1476)
(4258,1487)
(4256,1492)
(4254,1490)
(4255,1499)
(4258,1499)
(4256,1504)
(4252,1495)
(4251,1504)
(4253,1505)
(4255,1510)
(4251,1515)
(4247,1515)
(4248,1517)
(4249,1521)
(4251,1523)
(4254,1524)
(4257,1520)
(4258,1522)
(4254,1532)
(4252,1527)
(4251,1526)
(4250,1528)
(4252,1531)
(4251,1532)
(4253,1538)
(4253,1543)
(4251,1546)
(4254,1551)
(4253,1554)
(4252,1556)
(4247,1545)
(4245,1538)
(4244,1539)
(4243,1538)
(4240,1527)
(4234,1515)
(4230,1504)
(4231,1516)
(4229,1516)
(4229,1506)
(4229,1503)
(4228,1517)
(4226,1515)
(4224,1516)
(4223,1515)
(4224,1511)
(4222,1505)
(4221,1508)
(4219,1507)
(4220,1511)
(4218,1512)
(4213,1499)
(4206,1496)
(4204,1500)
(4204,1503)
(4207,1500)
(4209,1505)
(4207,1504)
(4208,1508)
(4207,1505)
(4205,1505)
(4205,1509)
(4205,1514)
(4211,1519)
(4212,1523)
(4217,1532)
(4218,1532)
(4219,1525)
(4221,1527)
(4236,1560)
(4243,1564)
(4243,1568)
(4246,1570)
(4252,1582)
(4256,1593)
(4257,1602)
(4254,1604)
(4251,1600)
(4250,1600)
(4250,1605)
(4244,1601)
(4242,1598)
(4238,1581)
(4239,1593)
(4238,1599)
(4232,1596)
(4231,1594)
(4228,1594)
(4226,1591)
(4222,1590)
(4221,1593)
(4222,1595)
(4223,1599)
(4224,1598)
(4225,1599)
(4225,1605)
(4228,1608)
(4229,1611)
(4229,1617)
(4228,1616)
(4227,1617)
(4228,1626)
(4232,1618)
(4233,1620)
(4234,1618)
(4237,1624)
(4235,1636)
(4238,1626)
(4241,1629)
(4242,1625)
(4244,1628)
(4245,1635)
(4244,1639)
(4245,1641)
(4246,1637)
(4248,1638)
(4249,1640)
(4248,1658)
(4249,1649)
(4250,1652)
(4252,1651)
(4252,1643)
(4254,1644)
(4255,1644)
(4253,1641)
(4253,1638)
(4254,1630)
(4255,1627)
(4257,1628)
(4258,1630)
(4256,1641)
(4260,1633)
(4262,1636)
(4260,1649)
(4257,1651)
(4257,1654)
(4261,1655)
(4261,1652)
(4265,1651)
(4265,1659)
(4267,1659)
(4266,1664)
(4264,1662)
(4263,1665)
(4263,1666)
(4262,1673)
(4264,1682)
(4262,1685)
(4264,1688)
(4265,1692)
(4263,1696)
(4261,1692)
(4260,1691)
(4260,1694)
(4258,1693)
(4260,1701)
(4259,1709)
(4258,1713)
(4253,1708)
(4253,1702)
(4252,1707)
(4251,1706)
(4251,1701)
(4250,1702)
(4250,1693)
(4248,1698)
(4247,1696)
(4247,1688)
(4247,1681)
(4249,1680)
(4247,1676)
(4247,1666)
(4246,1670)
(4244,1666)
(4246,1673)
(4244,1688)
(4242,1684)
(4240,1673)
(4239,1672)
(4236,1659)
(4237,1670)
(4240,1688)
(4243,1698)
(4239,1697)
(4237,1693)
(4229,1671)
(4226,1673)
(4229,1678)
(4228,1677)
(4230,1691)
(4227,1682)
(4226,1684)
(4228,1688)
(4226,1687)
(4230,1694)
(4230,1700)
(4222,1689)
(4209,1691)
(4205,1686)
(4204,1681)
(4205,1688)
(4210,1694)
(4217,1691)
(4225,1695)
(4226,1699)
(4228,1700)
(4229,1707)
(4227,1708)
(4227,1711)
(4229,1710)
(4230,1713)
(4231,1708)
(4233,1704)
(4240,1710)
(4240,1717)
(4242,1712)
(4244,1713)
(4247,1719)
(4252,1725)
(4252,1729)
(4253,1734)
(4252,1746)
(4251,1744)
(4251,1755)
(4248,1757)
(4247,1764)
(4244,1758)
(4244,1765)
(4243,1760)
(4242,1762)
(4241,1758)
(4239,1757)
(4240,1760)
(4242,1764)
(4242,1773)
(4245,1782)
(4244,1787)
(4242,1787)
(4240,1786)
(4237,1781)
(4237,1782)
(4238,1791)
(4242,1797)
(4243,1806)
(4240,1812)
(4238,1806)
(4238,1813)
(4236,1821)
(4233,1814)
(4233,1807)
(4232,1810)
(4232,1800)
(4231,1809)
(4232,1819)
(4233,1827)
(4232,1835)
(4232,1836)
(4230,1834)
(4228,1843)
(4227,1845)
(4225,1848)
(4226,1850)
(4227,1857)
(4222,1863)
(4220,1861)
(4217,1864)
(4216,1855)
(4216,1846)
(4214,1831)
(4212,1830)
(4211,1822)
(4209,1823)
(4208,1821)
(4206,1814)
(4205,1807)
(4204,1809)
(4204,1788)
(4208,1749)
(4208,1741)
(4211,1722)
(4210,1716)
(4210,1725)
(4206,1717)
(4206,1731)
(4205,1725)
(4205,1726)
(4203,1748)
(4202,1748)
(4202,1751)
(4200,1748)
(4201,1760)
(4198,1781)
(4194,1766)
(4191,1762)
(4191,1766)
(4195,1772)
(4194,1779)
(4195,1783)
(4190,1786)
(4187,1782)
(4186,1778)
(4183,1775)
(4182,1771)
(4182,1773)
(4179,1769)
(4184,1780)
(4184,1788)
(4184,1794)
(4185,1797)
(4186,1803)
(4184,1802)
(4182,1796)
(4181,1796)
(4184,1804)
(4182,1807)
(4181,1811)
(4185,1807)
(4186,1813)
(4188,1809)
(4192,1810)
(4193,1818)
(4192,1820)
(4190,1817)
(4190,1823)
(4190,1824)
(4182,1825)
(4181,1824)
(4180,1820)
(4180,1825)
(4181,1827)
(4187,1827)
(4189,1827)
(4189,1833)
(4188,1843)
(4187,1842)
(4186,1843)
(4187,1848)
(4182,1854)
(4181,1857)
(4175,1857)
(4173,1855)
(4172,1848)
(4173,1831)
(4178,1818)
(4180,1809)
(4179,1804)
(4178,1804)
(4178,1809)
(4175,1811)
(4173,1808)
(4170,1806)
(4166,1797)
(4166,1789)
(4163,1781)
(4159,1759)
(4155,1759)
(4147,1755)
(4142,1747)
(4142,1740)
(4147,1727)
(4154,1729)
(4162,1747)
(4169,1758)
(4181,1748)
(4182,1746)
(4190,1703)
(4193,1699)
(4195,1690)
(4196,1686)
(4200,1679)
(4205,1677)
(4205,1674)
(4204,1665)
(4204,1654)
(4202,1652)
(4199,1638)
(4197,1638)
(4196,1632)
(4194,1623)
(4196,1612)
(4197,1611)
(4197,1608)
(4196,1603)
(4197,1597)
(4196,1588)
(4191,1583)
(4188,1575)
(4185,1569)
(4182,1559)
(4180,1557)
(4178,1559)
(4175,1557)
(4174,1556)
(4173,1551)
(4169,1552)
(4166,1550)
(4163,1550)
(4161,1545)
(4155,1543)
(4147,1544)
(4141,1549)
(4139,1545)
(4133,1537)
(4133,1525)
(4129,1513)
(4126,1509)
(4118,1506)
(4116,1497)
(4113,1494)
(4120,1485)
(4122,1471)
(4123,1460)
(4125,1452)
(4126,1451)
(4127,1447)
(4129,1443)
(4130,1436)
(4130,1430)
(4123,1421)
(4121,1407)
(4118,1392)
(4122,1384)
(4121,1368)
(4124,1353)
(4123,1344)
(4131,1341)
(4157,1301)
(4160,1279)
(4153,1262)
(4148,1263)
(4146,1267)
(4143,1265)
(4142,1262)
(4146,1244)
(4143,1235)
(4143,1206)
(4136,1219)
(4127,1221)
(4120,1212)
(4113,1197)
(4110,1205)
(4109,1213)
(4107,1211)
(4104,1203)
(4100,1196)
(4109,1137)
(4108,1117)
(4112,1101)
(4110,1085)
(4105,1083)
(4100,1085)
(4090,1089)
(4077,1073)
(4082,1056)
(4085,1036)
(4082,1031)
(4074,1004)
(4058,993)
(4051,983)
(4050,972)
(4045,965)
(4034,982)
(4030,984)
(4021,981)
(4013,961)
(3996,938)
(3989,922)
(3977,928)
(3969,902)
(3968,870)
(3950,878)
(3942,872)
(3935,870)
(3919,870)
(3915,862)
(3904,856)
(3898,846)
(3875,820)
(3871,832)
(3868,847)
(3860,849)
(3850,849)
(3841,839)
(3846,794)
(3843,776)
(3837,759)
(3831,749)
(3820,737)
(3815,728)
(3809,732)
(3796,716)
(3781,730)
(3774,722)
(3765,725)
(3756,721)
(3755,723)
(3750,726)
(3748,729)
(3745,732)
(3742,733)
(3739,736)
(3736,738)
(3733,737)
(3730,736)
(3727,735)
(3723,734)
(3720,733)
(3717,732)
(3714,731)
(3711,730)
(3707,729)
(3704,727)
(3702,731)
(3699,736)
(3697,741)
(3694,744)
(3694,752)
(3682,771)
(3672,766)
(3669,762)
(3664,759)
(3663,754)
(3663,744)
(3660,733)
(3653,739)
(3647,742)
(3639,750)
(3636,750)
(3632,755)
(3629,756)
(3624,755)
(3618,749)
(3611,751)
(3605,749)
(3599,739)
(3593,728)
(3594,718)
(3593,716)
(3591,709)
(3588,713)
(3582,714)
(3581,710)
(3579,710)
(3576,700)
(3556,708)
(3550,705)
(3545,705)
(3541,701)
(3534,697)
(3533,688)
(3534,685)
(3539,686)