998
(1512,3697)
(1519,3699)
(1539,3700)
(1541,3701)
(1544,3704)
(1543,3708)
(1545,3710)
(1549,3710)
(1551,3709)
(1552,3711)
(1553,3713)
(1555,3710)
(1558,3709)
(1560,3711)
(1564,3710)
(1576,3713)
(1577,3718)
(1580,3722)
(1579,3725)
(1577,3727)
(1577,3734)
(1579,3735)
(1580,3734)
(1580,3736)
(1582,3737)
(1585,3736)
(1588,3739)
(1590,3739)
(1592,3742)
(1593,3745)
(1594,3746)
(1595,3757)
(1597,3760)
(1596,3762)
(1597,3765)
(1598,3766)
(1599,3770)
(1598,3791)
(1603,3792)
(1609,3791)
(1611,3795)
(1625,3795)
(1628,3800)
(1634,3796)
(1634,3794)
(1636,3792)
(1636,3791)
(1635,3789)
(1635,3783)
(1633,3777)
(1633,3771)
(1636,3767)
(1637,3768)
(1639,3769)
(1642,3768)
(1649,3771)
(1665,3770)
(1682,3766)
(1693,3768)
(1697,3767)
(1696,3756)
(1699,3752)
(1703,3750)
(1703,3748)
(1705,3746)
(1707,3740)
(1711,3724)
(1714,3714)
(1719,3709)
(1724,3704)
(1727,3700)
(1732,3696)
(1741,3692)
(1743,3689)
(1745,3691)
(1746,3689)
(1748,3688)
(1749,3686)
(1753,3684)
(1756,3682)
(1758,3681)
(1761,3682)
(1763,3682)
(1764,3679)
(1766,3677)
(1769,3674)
(1772,3672)
(1774,3669)
(1777,3667)
(1779,3664)
(1782,3662)
(1784,3659)
(1787,3657)
(1789,3655)
(1792,3652)
(1791,3655)
(1790,3659)
(1789,3662)
(1788,3666)
(1787,3670)
(1786,3673)
(1785,3677)
(1784,3681)
(1783,3684)
(1782,3688)
(1781,3692)
(1780,3695)
(1779,3699)
(1777,3703)
(1776,3706)
(1775,3710)
(1774,3713)
(1773,3717)
(1772,3721)
(1771,3724)
(1770,3728)
(1769,3732)
(1768,3735)
(1767,3739)
(1766,3743)
(1765,3746)
(1764,3749)
(1765,3754)
(1765,3757)
(1765,3761)
(1766,3764)
(1766,3768)
(1766,3772)
(1767,3775)
(1767,3779)
(1767,3783)
(1768,3787)
(1768,3790)
(1768,3794)
(1769,3798)
(1769,3801)
(1769,3805)
(1770,3808)
(1770,3812)
(1770,3815)
(1770,3819)
(1769,3823)
(1768,3826)
(1768,3830)
(1767,3834)
(1766,3838)
(1766,3841)
(1764,3844)
(1763,3847)
(1765,3848)
(1767,3850)
(1770,3852)
(1771,3856)
(1772,3859)
(1773,3863)
(1774,3866)
(1775,3870)
(1775,3873)
(1775,3877)
(1775,3880)
(1775,3884)
(1775,3888)
(1774,3891)
(1774,3895)
(1773,3899)
(1772,3902)
(1774,3906)
(1774,3910)
(1775,3913)
(1776,3917)
(1777,3920)
(1778,3924)
(1779,3928)
(1780,3931)
(1781,3935)
(1782,3938)
(1783,3942)
(1784,3946)
(1785,3949)
(1785,3953)
(1786,3956)
(1787,3960)
(1788,3964)
(1789,3967)
(1790,3971)
(1791,3975)
(1794,3979)
(1797,3980)
(1797,3982)
(1803,3975)
(1804,3974)
(1814,3980)
(1818,3979)
(1827,3981)
(1830,3980)
(1831,3978)
(1834,3977)
(1856,3984)
(1859,3995)
(1865,4001)
(1873,4003)
(1873,4008)
(1877,4011)
(1879,4018)
(1879,4023)
(1875,4022)
(1875,4023)
(1875,4030)
(1873,4032)
(1873,4037)
(1873,4043)
(1876,4055)
(1876,4057)
(1880,4063)
(1880,4067)
(1881,4068)
(1884,4067)
(1885,4064)
(1884,4060)
(1886,4057)
(1888,4057)
(1892,4055)
(1892,4063)
(1895,4069)
(1898,4072)
(1898,4079)
(1900,4080)
(1902,4084)
(1904,4085)
(1906,4088)
(1910,4090)
(1909,4094)
(1907,4096)
(1906,4102)
(1904,4112)
(1906,4114)
(1907,4106)
(1908,4107)
(1910,4113)
(1909,4115)
(1907,4117)
(1907,4122)
(1902,4124)
(1900,4127)
(1897,4128)
(1896,4130)
(1897,4136)
(1899,4137)
(1899,4142)
(1906,4150)
(1912,4153)
(1916,4160)
(1929,4156)
(1939,4157)
(1947,4155)
(1952,4157)
(1954,4163)
(1960,4167)
(1964,4166)
(1966,4164)
(1971,4169)
(1972,4171)
(1980,4169)
(1982,4170)
(1985,4175)
(1985,4181)
(1985,4182)
(1988,4187)
(1986,4190)
(1985,4193)
(1988,4198)
(1988,4202)
(1992,4204)
(1992,4209)
(2000,4220)
(2005,4217)
(2008,4214)
(2008,4212)
(2011,4210)
(2016,4212)
(2018,4212)
(2020,4209)
(2024,4208)
(2024,4206)
(2025,4199)
(2029,4197)
(2031,4195)
(2034,4194)
(2036,4192)
(2039,4194)
(2041,4194)
(2042,4194)
(2043,4200)
(2041,4206)
(2041,4210)
(2040,4212)
(2039,4218)
(2038,4220)
(2037,4247)
(2038,4253)
(2039,4255)
(2041,4254)
(2041,4259)
(2042,4260)
(2043,4264)
(2044,4265)
(2047,4265)
(2050,4268)
(2056,4267)
(2061,4270)
(2062,4269)
(2063,4265)
(2068,4260)
(2070,4259)
(2073,4259)
(2074,4265)
(2077,4266)
(2080,4266)
(2084,4271)
(2085,4274)
(2086,4274)
(2089,4277)
(2092,4278)
(2093,4279)
(2097,4290)
(2101,4292)
(2103,4292)
(2105,4292)
(2107,4294)
(2108,4297)
(2112,4300)
(2118,4293)
(2120,4293)
(2125,4299)
(2130,4296)
(2134,4297)
(2137,4291)
(2143,4293)
(2145,4289)
(2147,4290)
(2152,4286)
(2154,4283)
(2157,4283)
(2158,4277)
(2163,4271)
(2166,4274)
(2168,4275)
(2170,4280)
(2172,4280)
(2173,4285)
(2179,4290)
(2180,4295)
(2182,4294)
(2184,4296)
(2188,4298)
(2188,4299)
(2184,4306)
(2184,4308)
(2185,4309)
(2188,4307)
(2189,4308)
(2190,4314)
(2195,4321)
(2195,4324)
(2198,4324)
(2199,4331)
(2200,4332)
(2202,4330)
(2203,4331)
(2205,4339)
(2206,4348)
(2209,4354)
(2210,4372)
(2212,4378)
(2211,4381)
(2213,4386)
(2213,4394)
(2212,4398)
(2213,4402)
(2214,4409)
(2213,4413)
(2214,4415)
(2215,4420)
(2214,4431)
(2209,4442)
(2210,4447)
(2214,4449)
(2214,4455)
(2218,4461)
(2220,4465)
(2221,4469)
(2218,4473)
(2222,4474)
(2224,4481)
(2221,4484)
(2221,4489)
(2218,4493)
(2215,4494)
(2217,4495)
(2219,4498)
(2220,4509)
(2218,4512)
(2215,4524)
(2211,4526)
(2206,4526)
(2204,4527)
(2204,4532)
(2206,4532)
(2206,4534)
(2206,4540)
(2204,4545)
(2200,4551)
(2197,4554)
(2193,4556)
(2187,4560)
(2185,4561)
(2179,4559)
(2174,4562)
(2172,4560)
(2171,4560)
(2170,4560)
(2167,4555)
(2165,4556)
(2161,4558)
(2160,4565)
(2159,4567)
(2154,4569)
(2150,4569)
(2149,4571)
(2149,4577)
(2149,4580)
(2150,4582)
(2150,4585)
(2152,4587)
(2152,4592)
(2155,4594)
(2154,4595)
(2149,4594)
(2145,4595)
(2143,4603)
(2139,4607)
(2139,4612)
(2136,4615)
(2135,4625)
(2133,4627)
(2132,4631)
(2132,4639)
(2128,4645)
(2129,4651)
(2128,4658)
(2128,4662)
(2128,4664)
(2130,4667)
(2130,4669)
(2128,4666)
(2126,4662)
(2125,4659)
(2123,4656)
(2121,4652)
(2120,4649)
(2118,4646)
(2116,4642)
(2114,4639)
(2113,4636)
(2111,4632)
(2109,4629)
(2108,4625)
(2106,4623)
(2103,4624)
(2100,4623)
(2098,4620)
(2095,4617)
(2092,4617)
(2087,4617)
(2085,4614)
(2084,4609)
(2085,4604)
(2087,4598)
(2085,4590)
(2082,4584)
(2078,4581)
(2079,4572)
(2078,4566)
(2070,4549)
(2068,4532)
(2070,4524)
(2077,4516)
(2080,4510)
(2080,4497)
(2082,4489)
(2081,4482)
(2083,4477)
(2086,4473)
(2087,4462)
(2087,4459)
(2084,4452)
(2082,4450)
(2079,4450)
(2081,4443)
(2080,4438)
(2079,4437)
(2077,4436)
(2074,4437)
(2073,4435)
(2067,4432)
(2064,4427)
(2060,4425)
(2059,4426)
(2061,4431)
(2060,4432)
(2060,4439)
(2059,4443)
(2057,4444)
(2051,4444)
(2049,4442)
(2048,4437)
(2046,4436)
(2044,4437)
(2043,4438)
(2042,4441)
(2043,4453)
(2039,4457)
(2037,4458)
(2033,4454)
(2029,4448)
(2027,4443)
(2025,4441)
(2021,4440)
(2019,4440)
(2016,4444)
(2015,4448)
(2005,4451)
(1999,4450)
(1997,4446)
(1996,4441)
(1995,4440)
(1993,4441)
(1990,4447)
(1983,4455)
(1982,4459)
(1966,4465)
(1967,4468)
(1966,4469)
(1964,4471)
(1966,4473)
(1965,4475)
(1965,4478)
(1966,4478)
(1969,4478)
(1970,4482)
(1970,4483)
(1964,4480)
(1960,4481)
(1956,4479)
(1950,4481)
(1949,4483)
(1948,4485)
(1949,4491)
(1949,4493)
(1947,4496)
(1949,4501)
(1948,4504)
(1945,4509)
(1944,4513)
(1941,4519)
(1937,4523)
(1934,4522)
(1932,4520)
(1930,4520)
(1929,4518)
(1929,4515)
(1927,4511)
(1926,4510)
(1925,4510)
(1925,4508)
(1924,4506)
(1926,4503)
(1926,4501)
(1925,4501)
(1924,4502)
(1924,4499)
(1922,4498)
(1922,4493)
(1921,4492)
(1921,4489)
(1917,4487)
(1917,4482)
(1913,4479)
(1909,4472)
(1906,4473)
(1906,4471)
(1904,4471)
(1896,4476)
(1891,4476)
(1889,4478)
(1887,4478)
(1884,4475)
(1877,4473)
(1869,4472)
(1867,4474)
(1867,4478)
(1865,4481)
(1864,4481)
(1863,4479)
(1861,4478)
(1864,4473)
(1859,4471)
(1858,4468)
(1855,4465)
(1854,4462)
(1851,4462)
(1850,4459)
(1848,4458)
(1846,4456)
(1844,4456)
(1843,4454)
(1841,4452)
(1837,4446)
(1832,4445)
(1832,4440)
(1830,4438)
(1828,4438)
(1829,4436)
(1825,4436)
(1825,4434)
(1824,4434)
(1823,4432)
(1822,4431)
(1820,4434)
(1819,4436)
(1812,4438)
(1804,4428)
(1801,4415)
(1797,4404)
(1774,4396)
(1755,4385)
(1749,4379)
(1742,4377)
(1737,4364)
(1726,4343)
(1721,4338)
(1704,4332)
(1700,4328)
(1693,4320)
(1687,4315)
(1678,4314)
(1673,4298)
(1672,4284)
(1671,4274)
(1663,4256)
(1662,4250)
(1664,4244)
(1672,4240)
(1676,4240)
(1680,4235)
(1682,4232)
(1683,4229)
(1681,4222)
(1677,4217)
(1670,4208)
(1656,4202)
(1650,4196)
(1645,4193)
(1639,4185)
(1637,4182)
(1631,4175)
(1620,4171)
(1609,4169)
(1605,4171)
(1600,4183)
(1596,4188)
(1595,4191)
(1596,4206)
(1594,4209)
(1592,4211)
(1586,4211)
(1583,4211)
(1579,4210)
(1575,4210)
(1565,4206)
(1559,4205)
(1554,4208)
(1550,4211)
(1548,4213)
(1542,4217)
(1540,4223)
(1541,4232)
(1543,4237)
(1541,4240)
(1524,4241)
(1520,4244)
(1516,4245)
(1509,4253)
(1496,4257)
(1490,4261)
(1485,4263)
(1481,4265)
(1479,4260)
(1476,4259)
(1473,4259)
(1472,4260)
(1469,4260)
(1467,4260)
(1467,4265)
(1466,4266)
(1465,4266)
(1464,4263)
(1462,4262)
(1462,4258)
(1462,4256)
(1459,4252)
(1456,4253)
(1454,4247)
(1454,4243)
(1455,4239)
(1457,4235)
(1462,4234)
(1465,4236)
(1466,4235)
(1465,4226)
(1462,4223)
(1462,4219)
(1460,4215)
(1459,4207)
(1452,4204)
(1450,4202)
(1450,4183)
(1457,4176)
(1458,4159)
(1457,4155)
(1455,4151)
(1458,4145)
(1457,4143)
(1455,4139)
(1460,4136)
(1459,4134)
(1455,4132)
(1454,4131)
(1456,4130)
(1457,4131)
(1460,4129)
(1460,4127)
(1459,4125)
(1438,4125)
(1438,4103)
(1437,4103)
(1438,4102)
(1438,4101)
(1436,4101)
(1435,4100)
(1435,4099)
(1437,4098)
(1435,4096)
(1434,4097)
(1433,4093)
(1426,4092)
(1425,4091)
(1425,4090)
(1430,4091)
(1432,4090)
(1434,4089)
(1433,4089)
(1430,4090)
(1425,4089)
(1423,4090)
(1421,4089)
(1422,4087)
(1423,4087)
(1424,4086)
(1422,4086)
(1423,4083)
(1426,4085)
(1428,4084)
(1429,4086)
(1433,4083)
(1435,4084)
(1436,4081)
(1430,4083)
(1426,4081)
(1428,4080)
(1428,4077)
(1430,4074)
(1432,4074)
(1432,4073)
(1431,4072)
(1433,4071)
(1434,4072)
(1435,4071)
(1433,4071)
(1429,4070)
(1429,4068)
(1430,4063)
(1428,4065)
(1427,4063)
(1428,4058)
(1433,4059)
(1436,4059)
(1435,4058)
(1433,4058)
(1431,4057)
(1431,4055)
(1433,4055)
(1432,4054)
(1434,4052)
(1433,4051)
(1433,4052)
(1432,4053)
(1433,4049)
(1434,4049)
(1434,4051)
(1436,4052)
(1435,4050)
(1438,4050)
(1438,4048)
(1439,4047)
(1442,4048)
(1442,4050)
(1444,4052)
(1443,4050)
(1444,4048)
(1444,4043)
(1445,4040)
(1448,4040)
(1453,4038)
(1455,4038)
(1457,4037)
(1460,4038)
(1461,4042)
(1461,4037)
(1466,4037)
(1465,4035)
(1467,4035)
(1470,4033)
(1472,4034)
(1472,4032)
(1475,4031)
(1475,4035)
(1476,4033)
(1477,4029)
(1479,4029)
(1483,4032)
(1484,4035)
(1485,4035)
(1486,4034)
(1485,4031)
(1488,4029)
(1487,4027)
(1488,4025)
(1486,4025)
(1486,4024)
(1488,4021)
(1490,4018)
(1490,4017)
(1488,4017)
(1491,4011)
(1490,4009)
(1491,4005)
(1490,3999)
(1493,4000)
(1493,4002)
(1494,4001)
(1496,4000)
(1497,4001)
(1507,4002)
(1509,4004)
(1512,4004)
(1515,4002)
(1522,3993)
(1523,3993)
(1523,3995)
(1525,3995)
(1527,3993)
(1531,3992)
(1531,3990)
(1536,3986)
(1535,3983)
(1537,3982)
(1536,3979)
(1537,3976)
(1536,3972)
(1534,3970)
(1530,3968)
(1528,3966)
(1529,3973)
(1533,3976)
(1533,3980)
(1532,3981)
(1531,3984)
(1529,3985)
(1529,3989)
(1527,3988)
(1525,3990)
(1524,3991)
(1524,3990)
(1527,3984)
(1528,3976)
(1527,3970)
(1527,3965)
(1525,3960)
(1525,3951)
(1523,3947)
(1522,3942)
(1521,3940)
(1523,3927)
(1522,3923)
(1523,3924)
(1523,3921)
(1523,3919)
(1522,3917)
(1522,3915)
(1521,3912)
(1519,3912)
(1518,3910)
(1517,3908)
(1519,3904)
(1519,3885)
(1517,3881)
(1513,3880)
(1511,3883)
(1510,3880)
(1510,3876)
(1513,3878)
(1514,3877)
(1516,3873)
(1516,3870)
(1514,3869)
(1514,3866)
(1516,3863)
(1518,3856)
(1519,3855)
(1520,3846)
(1521,3846)
(1522,3847)
(1525,3845)
(1526,3846)
(1525,3848)
(1527,3849)
(1527,3847)
(1526,3844)
(1527,3842)
(1525,3839)
(1525,3840)
(1523,3841)
(1525,3843)
(1522,3844)
(1520,3844)
(1520,3836)
(1523,3824)
(1522,3814)
(1519,3811)
(1517,3810)
(1517,3808)
(1515,3809)
(1513,3811)
(1511,3810)
(1513,3805)
(1513,3798)
(1515,3789)
(1515,3787)
(1514,3785)
(1513,3780)
(1515,3765)
(1516,3753)
(1515,3749)
(1513,3748)
(1513,3749)
(1512,3745)
(1510,3741)
(1508,3740)
(1507,3743)
(1506,3743)
(1506,3737)
(1507,3737)
(1507,3738)
(1509,3739)
(1510,3739)
(1512,3738)
(1513,3735)
(1513,3730)
(1512,3726)
(1511,3725)
(1509,3724)
(1506,3726)
(1507,3716)
(1506,3712)
(1504,3712)
(1504,3711)
(1502,3711)
(1503,3708)
(1502,3706)
(1503,3703)
(1505,3704)
(1506,3705)
(1510,3707)
(1511,3707)
(1510,3705)
(1512,3702)
(1512,3697)