4096
(-5101,-9929)
(-5103,-9883)
(-5105,-9811)
(-5114,-9759)
(-5117,-9703)
(-5119,-9676)
(-5119,-9607)
(-5120,-9561)
(-5127,-9450)
(-5127,-9434)
(-5122,-9340)
(-5120,-9291)
(-5120,-9146)
(-5122,-9118)
(-5127,-9071)
(-5128,-9030)
(-5126,-8988)
(-5118,-8984)
(-5108,-8937)
(-5106,-8903)
(-5107,-8751)
(-5109,-8624)
(-5114,-8458)
(-5115,-8403)
(-5114,-8367)
(-5113,-8348)
(-5105,-8346)
(-5099,-8317)
(-5098,-8322)
(-5093,-8418)
(-5093,-8446)
(-5092,-8479)
(-5091,-8511)
(-5090,-8543)
(-5089,-8576)
(-5088,-8608)
(-5087,-8640)
(-5086,-8672)
(-5085,-8703)
(-5084,-8735)
(-5082,-8766)
(-5081,-8798)
(-5080,-8829)
(-5079,-8860)
(-5078,-8890)
(-5076,-8920)
(-5075,-8933)
(-5067,-9037)
(-5062,-9087)
(-5056,-9119)
(-5042,-9180)
(-5035,-9194)
(-5028,-9193)
(-5022,-9180)
(-5015,-9176)
(-4989,-9183)
(-4976,-9163)
(-4963,-9116)
(-4957,-9107)
(-4954,-9109)
(-4948,-9132)
(-4941,-9175)
(-4928,-9237)
(-4924,-9266)
(-4918,-9267)
(-4914,-9294)
(-4908,-9285)
(-4899,-9240)
(-4895,-9245)
(-4890,-9270)
(-4883,-9325)
(-4880,-9354)
(-4879,-9397)
(-4878,-9413)
(-4875,-9418)
(-4868,-9403)
(-4865,-9388)
(-4860,-9311)
(-4860,-9288)
(-4864,-9220)
(-4865,-9184)
(-4867,-9154)
(-4868,-9108)
(-4869,-9095)
(-4877,-9064)
(-4880,-9027)
(-4881,-8995)
(-4881,-8924)
(-4885,-8811)
(-4884,-8779)
(-4883,-8749)
(-4874,-8696)
(-4863,-8659)
(-4851,-8636)
(-4842,-8635)
(-4838,-8641)
(-4835,-8657)
(-4828,-8727)
(-4820,-8774)
(-4808,-8813)
(-4793,-8837)
(-4789,-8846)
(-4787,-8855)
(-4786,-8867)
(-4782,-8982)
(-4777,-9013)
(-4773,-9050)
(-4766,-9138)
(-4764,-9156)
(-4762,-9176)
(-4749,-9241)
(-4748,-9263)
(-4749,-9288)
(-4748,-9315)
(-4745,-9344)
(-4741,-9366)
(-4734,-9381)
(-4731,-9382)
(-4725,-9379)
(-4717,-9363)
(-4711,-9330)
(-4705,-9252)
(-4701,-9241)
(-4693,-9231)
(-4688,-9237)
(-4684,-9266)
(-4689,-9302)
(-4690,-9362)
(-4694,-9377)
(-4695,-9387)
(-4695,-9395)
(-4692,-9402)
(-4686,-9437)
(-4682,-9446)
(-4681,-9461)
(-4679,-9471)
(-4676,-9479)
(-4671,-9484)
(-4668,-9477)
(-4660,-9473)
(-4654,-9462)
(-4650,-9468)
(-4646,-9460)
(-4643,-9469)
(-4640,-9472)
(-4637,-9471)
(-4634,-9464)
(-4629,-9472)
(-4626,-9461)
(-4626,-9445)
(-4631,-9436)
(-4635,-9424)
(-4637,-9411)
(-4640,-9404)
(-4642,-9389)
(-4635,-9364)
(-4631,-9374)
(-4629,-9371)
(-4626,-9359)
(-4625,-9347)
(-4625,-9334)
(-4627,-9314)
(-4625,-9302)
(-4629,-9294)
(-4628,-9277)
(-4629,-9267)
(-4631,-9253)
(-4630,-9236)
(-4631,-9229)
(-4633,-9220)
(-4635,-9199)
(-4637,-9186)
(-4642,-9179)
(-4643,-9184)
(-4644,-9199)
(-4646,-9200)
(-4647,-9196)
(-4647,-9175)
(-4649,-9145)
(-4648,-9139)
(-4647,-9139)
(-4644,-9132)
(-4638,-9131)
(-4637,-9126)
(-4638,-9108)
(-4640,-9097)
(-4643,-9073)
(-4645,-9067)
(-4649,-9070)
(-4649,-9061)
(-4656,-9026)
(-4663,-9000)
(-4666,-8983)
(-4666,-8970)
(-4665,-8960)
(-4661,-8944)
(-4660,-8960)
(-4657,-8969)
(-4656,-8971)
(-4654,-8967)
(-4655,-8949)
(-4658,-8929)
(-4656,-8916)
(-4654,-8915)
(-4650,-8916)
(-4647,-8882)
(-4647,-8868)
(-4646,-8856)
(-4639,-8852)
(-4638,-8848)
(-4640,-8832)
(-4642,-8831)
(-4643,-8827)
(-4642,-8825)
(-4635,-8828)
(-4633,-8820)
(-4633,-8812)
(-4639,-8793)
(-4648,-8779)
(-4648,-8773)
(-4645,-8761)
(-4641,-8762)
(-4639,-8754)
(-4638,-8753)
(-4634,-8770)
(-4629,-8775)
(-4630,-8764)
(-4629,-8759)
(-4627,-8755)
(-4627,-8750)
(-4625,-8754)
(-4623,-8771)
(-4620,-8779)
(-4619,-8774)
(-4620,-8755)
(-4621,-8740)
(-4623,-8724)
(-4622,-8718)
(-4621,-8723)
(-4620,-8722)
(-4616,-8726)
(-4615,-8731)
(-4615,-8745)
(-4611,-8767)
(-4610,-8763)
(-4608,-8732)
(-4607,-8727)
(-4604,-8730)
(-4599,-8769)
(-4592,-8792)
(-4587,-8817)
(-4587,-8837)
(-4585,-8873)
(-4587,-8885)
(-4590,-8890)
(-4590,-8895)
(-4586,-8967)
(-4583,-8970)
(-4581,-8969)
(-4578,-8960)
(-4577,-8949)
(-4577,-8934)
(-4574,-8905)
(-4571,-8913)
(-4567,-8900)
(-4567,-8879)
(-4570,-8865)
(-4574,-8828)
(-4578,-8816)
(-4582,-8794)
(-4583,-8781)
(-4587,-8743)
(-4586,-8725)
(-4582,-8723)
(-4580,-8726)
(-4578,-8729)
(-4577,-8744)
(-4576,-8753)
(-4568,-8770)
(-4565,-8784)
(-4560,-8772)
(-4556,-8767)
(-4554,-8761)
(-4554,-8755)
(-4555,-8712)
(-4554,-8703)
(-4552,-8686)
(-4552,-8668)
(-4550,-8659)
(-4550,-8650)
(-4545,-8656)
(-4541,-8656)
(-4540,-8654)
(-4539,-8636)
(-4535,-8601)
(-4537,-8592)
(-4537,-8581)
(-4539,-8567)
(-4537,-8560)
(-4532,-8561)
(-4530,-8556)
(-4532,-8533)
(-4530,-8531)
(-4529,-8523)
(-4528,-8500)
(-4530,-8496)
(-4533,-8492)
(-4534,-8468)
(-4533,-8448)
(-4532,-8444)
(-4528,-8445)
(-4526,-8437)
(-4524,-8439)
(-4522,-8437)
(-4520,-8430)
(-4522,-8413)
(-4521,-8409)
(-4519,-8403)
(-4515,-8405)
(-4510,-8390)
(-4510,-8360)
(-4508,-8327)
(-4510,-8319)
(-4518,-8306)
(-4522,-8292)
(-4522,-8282)
(-4516,-8264)
(-4513,-8259)
(-4511,-8267)
(-4505,-8272)
(-4498,-8236)
(-4493,-8222)
(-4489,-8226)
(-4483,-8226)
(-4483,-8207)
(-4479,-8188)
(-4480,-8167)
(-4477,-8159)
(-4477,-8150)
(-4477,-8148)
(-4473,-8143)
(-4469,-8129)
(-4470,-8104)
(-4471,-8096)
(-4474,-8090)
(-4474,-8080)
(-4472,-8051)
(-4475,-8057)
(-4478,-8057)
(-4480,-8053)
(-4482,-8041)
(-4489,-8046)
(-4491,-8034)
(-4489,-8029)
(-4489,-8025)
(-4491,-8019)
(-4489,-8007)
(-4488,-7986)
(-4484,-7957)
(-4487,-7940)
(-4484,-7926)
(-4484,-7913)
(-4484,-7903)
(-4488,-7885)
(-4487,-7850)
(-4487,-7827)
(-4491,-7806)
(-4492,-7783)
(-4490,-7760)
(-4490,-7747)
(-4487,-7732)
(-4487,-7719)
(-4484,-7706)
(-4482,-7681)
(-4481,-7671)
(-4481,-7650)
(-4479,-7641)
(-4480,-7630)
(-4479,-7614)
(-4479,-7604)
(-4480,-7592)
(-4486,-7571)
(-4487,-7564)
(-4480,-7480)
(-4481,-7449)
(-4480,-7428)
(-4478,-7401)
(-4479,-7367)
(-4475,-7326)
(-4476,-7301)
(-4476,-7258)
(-4475,-7251)
(-4472,-7241)
(-4471,-7235)
(-4471,-7229)
(-4473,-7221)
(-4474,-7201)
(-4469,-7139)
(-4471,-7119)
(-4464,-7095)
(-4458,-7082)
(-4454,-7069)
(-4455,-7063)
(-4461,-7055)
(-4462,-7044)
(-4463,-7036)
(-4468,-7034)
(-4468,-7026)
(-4471,-7012)
(-4471,-6989)
(-4471,-6984)
(-4469,-6972)
(-4469,-6954)
(-4464,-6953)
(-4462,-6945)
(-4463,-6943)
(-4466,-6943)
(-4469,-6928)
(-4469,-6916)
(-4467,-6899)
(-4468,-6883)
(-4467,-6880)
(-4460,-6879)
(-4457,-6885)
(-4451,-6894)
(-4444,-6895)
(-4433,-6869)
(-4433,-6855)
(-4430,-6842)
(-4430,-6835)
(-4433,-6821)
(-4439,-6816)
(-4441,-6798)
(-4443,-6791)
(-4450,-6792)
(-4451,-6796)
(-4454,-6811)
(-4457,-6806)
(-4462,-6816)
(-4464,-6809)
(-4463,-6799)
(-4464,-6794)
(-4465,-6792)
(-4464,-6783)
(-4464,-6780)
(-4468,-6779)
(-4472,-6770)
(-4480,-6781)
(-4480,-6772)
(-4481,-6767)
(-4480,-6763)
(-4481,-6757)
(-4485,-6757)
(-4489,-6763)
(-4491,-6758)
(-4488,-6745)
(-4486,-6689)
(-4475,-6704)
(-4470,-6699)
(-4469,-6687)
(-4468,-6685)
(-4463,-6694)
(-4456,-6700)
(-4454,-6698)
(-4450,-6685)
(-4451,-6657)
(-4453,-6648)
(-4456,-6643)
(-4456,-6639)
(-4455,-6630)
(-4455,-6618)
(-4458,-6608)
(-4473,-6597)
(-4476,-6597)
(-4479,-6592)
(-4480,-6583)
(-4479,-6581)
(-4477,-6578)
(-4476,-6558)
(-4479,-6544)
(-4480,-6545)
(-4482,-6556)
(-4483,-6558)
(-4484,-6546)
(-4487,-6529)
(-4485,-6531)
(-4483,-6527)
(-4482,-6507)
(-4483,-6506)
(-4485,-6520)
(-4486,-6511)
(-4485,-6504)
(-4484,-6498)
(-4485,-6497)
(-4487,-6494)
(-4490,-6505)
(-4492,-6498)
(-4492,-6493)
(-4489,-6489)
(-4487,-6479)
(-4482,-6491)
(-4481,-6490)
(-4480,-6479)
(-4476,-6500)
(-4475,-6500)
(-4475,-6460)
(-4474,-6449)
(-4473,-6408)
(-4475,-6408)
(-4476,-6394)
(-4477,-6391)
(-4485,-6397)
(-4489,-6394)
(-4490,-6390)
(-4498,-6385)
(-4507,-6385)
(-4504,-6376)
(-4499,-6374)
(-4497,-6367)
(-4495,-6375)
(-4493,-6367)
(-4489,-6365)
(-4486,-6350)
(-4487,-6330)
(-4486,-6324)
(-4486,-6318)
(-4490,-6296)
(-4491,-6291)
(-4495,-6285)
(-4499,-6256)
(-4501,-6253)
(-4504,-6242)
(-4504,-6239)
(-4502,-6240)
(-4504,-6222)
(-4506,-6218)
(-4505,-6193)
(-4506,-6188)
(-4506,-6181)
(-4506,-6167)
(-4508,-6157)
(-4507,-6144)
(-4508,-6125)
(-4510,-6120)
(-4512,-6123)
(-4513,-6114)
(-4519,-6106)
(-4521,-6096)
(-4522,-6037)
(-4517,-6035)
(-4511,-6069)
(-4503,-6106)
(-4495,-6106)
(-4481,-6091)
(-4479,-6092)
(-4478,-6089)
(-4480,-6080)
(-4483,-6075)
(-4491,-6039)
(-4491,-6032)
(-4489,-6022)
(-4489,-6016)
(-4491,-6010)
(-4491,-6004)
(-4490,-6003)
(-4484,-6009)
(-4483,-6011)
(-4483,-6020)
(-4483,-6024)
(-4481,-6019)
(-4481,-6000)
(-4478,-6007)
(-4472,-6010)
(-4470,-6003)
(-4469,-6012)
(-4468,-6017)
(-4470,-6043)
(-4472,-6052)
(-4473,-6059)
(-4474,-6069)
(-4472,-6077)
(-4472,-6085)
(-4469,-6092)
(-4462,-6092)
(-4458,-6085)
(-4457,-6090)
(-4454,-6088)
(-4450,-6092)
(-4442,-6103)
(-4436,-6096)
(-4437,-6122)
(-4438,-6130)
(-4438,-6144)
(-4437,-6152)
(-4437,-6169)
(-4436,-6178)
(-4432,-6184)
(-4425,-6178)
(-4422,-6187)
(-4418,-6191)
(-4416,-6184)
(-4416,-6173)
(-4418,-6144)
(-4419,-6129)
(-4421,-6115)
(-4421,-6090)
(-4422,-6085)
(-4427,-6077)
(-4427,-6064)
(-4429,-6056)
(-4428,-6045)
(-4425,-6032)
(-4426,-6005)
(-4426,-5996)
(-4422,-5983)
(-4419,-5979)
(-4421,-5965)
(-4419,-5955)
(-4417,-5951)
(-4416,-5965)
(-4414,-5976)
(-4411,-5982)
(-4410,-5991)
(-4405,-5995)
(-4404,-6013)
(-4402,-6028)
(-4401,-6073)
(-4400,-6086)
(-4401,-6111)
(-4399,-6124)
(-4401,-6159)
(-4400,-6180)
(-4390,-6206)
(-4385,-6205)
(-4374,-6215)
(-4368,-6209)
(-4365,-6195)
(-4365,-6178)
(-4366,-6168)
(-4365,-6155)
(-4368,-6139)
(-4375,-6141)
(-4376,-6147)
(-4378,-6145)
(-4379,-6159)
(-4381,-6161)
(-4382,-6154)
(-4380,-6129)
(-4381,-6125)
(-4384,-6130)
(-4385,-6127)
(-4385,-6117)
(-4380,-6076)
(-4381,-6047)
(-4386,-6033)
(-4385,-6023)
(-4383,-6019)
(-4383,-6008)
(-4382,-6001)
(-4384,-5991)
(-4381,-5974)
(-4380,-5954)
(-4380,-5942)
(-4378,-5934)
(-4380,-5889)
(-4381,-5885)
(-4380,-5872)
(-4382,-5872)
(-4388,-5884)
(-4390,-5882)
(-4390,-5872)
(-4387,-5858)
(-4390,-5840)
(-4393,-5822)
(-4397,-5775)
(-4401,-5759)
(-4399,-5748)
(-4395,-5750)
(-4394,-5743)
(-4394,-5733)
(-4392,-5721)
(-4392,-5712)
(-4394,-5700)
(-4393,-5689)
(-4391,-5673)
(-4390,-5662)
(-4386,-5659)
(-4381,-5665)
(-4376,-5667)
(-4375,-5665)
(-4382,-5647)
(-4383,-5639)
(-4391,-5633)
(-4393,-5623)
(-4393,-5614)
(-4391,-5615)
(-4390,-5608)
(-4390,-5599)
(-4392,-5592)
(-4392,-5587)
(-4393,-5574)
(-4391,-5575)
(-4389,-5547)
(-4393,-5514)
(-4395,-5500)
(-4395,-5484)
(-4396,-5474)
(-4400,-5452)
(-4389,-5419)
(-4390,-5400)
(-4390,-5392)
(-4389,-5381)
(-4386,-5375)
(-4384,-5360)
(-4374,-5354)
(-4366,-5357)
(-4361,-5361)
(-4359,-5371)
(-4358,-5373)
(-4356,-5368)
(-4356,-5364)
(-4358,-5331)
(-4359,-5319)
(-4360,-5302)
(-4361,-5294)
(-4365,-5285)
(-4368,-5285)
(-4370,-5289)
(-4373,-5301)
(-4376,-5302)
(-4381,-5315)
(-4383,-5315)
(-4387,-5282)
(-4385,-5276)
(-4387,-5267)
(-4388,-5250)
(-4392,-5236)
(-4394,-5225)
(-4398,-5218)
(-4399,-5210)
(-4399,-5199)
(-4397,-5188)
(-4393,-5178)
(-4393,-5164)
(-4392,-5160)
(-4389,-5155)
(-4385,-5154)
(-4380,-5148)
(-4380,-5145)
(-4388,-5144)
(-4393,-5133)
(-4400,-5128)
(-4402,-5122)
(-4405,-5106)
(-4411,-5081)
(-4412,-5069)
(-4411,-5053)
(-4411,-5033)
(-4412,-5016)
(-4411,-5007)
(-4412,-4996)
(-4414,-4993)
(-4416,-4995)
(-4417,-4993)
(-4428,-4946)
(-4436,-4913)
(-4436,-4909)
(-4433,-4901)
(-4431,-4868)
(-4426,-4847)
(-4421,-4847)
(-4418,-4843)
(-4414,-4855)
(-4408,-4862)
(-4404,-4859)
(-4399,-4860)
(-4398,-4858)
(-4397,-4841)
(-4397,-4832)
(-4401,-4825)
(-4404,-4817)
(-4404,-4807)
(-4402,-4802)
(-4399,-4803)
(-4389,-4818)
(-4383,-4817)
(-4381,-4812)
(-4386,-4766)
(-4392,-4753)
(-4397,-4737)
(-4400,-4734)
(-4403,-4718)
(-4407,-4712)
(-4416,-4717)
(-4417,-4717)
(-4419,-4713)
(-4419,-4700)
(-4416,-4687)
(-4411,-4642)
(-4413,-4627)
(-4412,-4609)
(-4412,-4603)
(-4416,-4596)
(-4429,-4626)
(-4431,-4627)
(-4432,-4621)
(-4432,-4612)
(-4429,-4601)
(-4427,-4585)
(-4427,-4582)
(-4429,-4579)
(-4429,-4567)
(-4424,-4540)
(-4422,-4523)
(-4420,-4512)
(-4420,-4489)
(-4425,-4474)
(-4422,-4467)
(-4419,-4449)
(-4420,-4445)
(-4423,-4436)
(-4417,-4424)
(-4415,-4413)
(-4412,-4408)
(-4412,-4404)
(-4414,-4398)
(-4414,-4392)
(-4411,-4391)
(-4409,-4384)
(-4408,-4372)
(-4409,-4356)
(-4406,-4348)
(-4405,-4341)
(-4403,-4304)
(-4404,-4289)
(-4401,-4283)
(-4397,-4269)
(-4396,-4246)
(-4398,-4221)
(-4397,-4216)
(-4395,-4205)
(-4391,-4161)
(-4388,-4147)
(-4383,-4118)
(-4381,-4111)
(-4373,-4079)
(-4372,-4063)
(-4370,-4055)
(-4365,-4047)
(-4355,-4037)
(-4344,-4008)
(-4338,-4015)
(-4336,-4013)
(-4332,-4017)
(-4326,-4017)
(-4322,-4013)
(-4319,-4019)
(-4314,-4012)
(-4310,-4019)
(-4303,-4026)
(-4302,-4030)
(-4300,-4039)
(-4296,-4046)
(-4288,-4052)
(-4280,-4051)
(-4276,-4050)
(-4271,-4044)
(-4262,-4044)
(-4260,-4046)
(-4260,-4051)
(-4248,-4054)
(-4240,-4064)
(-4236,-4062)
(-4231,-4069)
(-4227,-4070)
(-4224,-4073)
(-4222,-4073)
(-4215,-4078)
(-4213,-4089)
(-4211,-4091)
(-4209,-4100)
(-4207,-4104)
(-4202,-4105)
(-4196,-4110)
(-4191,-4101)
(-4181,-4100)
(-4178,-4107)
(-4173,-4113)
(-4165,-4130)
(-4163,-4128)
(-4163,-4123)
(-4163,-4096)
(-4162,-4094)
(-4157,-4096)
(-4156,-4092)
(-4157,-4087)
(-4161,-4081)
(-4162,-4066)
(-4162,-4050)
(-4161,-4041)
(-4155,-4023)
(-4144,-4006)
(-4140,-4002)
(-4138,-4003)
(-4137,-4006)
(-4138,-4020)
(-4137,-4025)
(-4135,-4040)
(-4132,-4047)
(-4129,-4050)
(-4128,-4048)
(-4127,-4044)
(-4128,-4030)
(-4128,-4021)
(-4126,-4016)
(-4118,-4022)
(-4110,-4031)
(-4109,-4028)
(-4106,-4017)
(-4103,-4016)
(-4101,-4019)
(-4100,-4027)
(-4098,-4030)
(-4097,-4027)
(-4098,-4010)
(-4097,-4005)
(-4094,-3995)
(-4091,-4001)
(-4092,-4007)
(-4094,-4011)
(-4093,-4015)
(-4091,-4018)
(-4084,-4034)
(-4083,-4027)
(-4079,-4035)
(-4078,-4033)
(-4075,-4008)
(-4073,-4007)
(-4070,-4011)
(-4069,-4009)
(-4069,-4003)
(-4068,-4003)
(-4067,-4011)
(-4068,-4022)
(-4067,-4022)
(-4065,-4018)
(-4064,-4001)
(-4063,-4003)
(-4063,-4014)
(-4060,-4014)
(-4056,-4003)
(-4056,-3991)
(-4052,-3986)
(-4051,-3987)
(-4053,-3994)
(-4052,-4007)
(-4050,-4010)
(-4049,-4030)
(-4052,-4037)
(-4053,-4047)
(-4053,-4058)
(-4052,-4057)
(-4050,-4055)
(-4049,-4059)
(-4049,-4060)
(-4044,-4056)
(-4040,-4049)
(-4038,-4053)
(-4036,-4055)
(-4032,-4049)
(-4031,-4056)
(-4025,-4050)
(-4023,-4049)
(-4023,-4046)
(-4025,-4045)
(-4025,-4041)
(-4025,-4038)
(-4023,-4036)
(-4016,-4030)
(-4017,-4026)
(-4016,-4025)
(-4015,-4023)
(-4014,-4019)
(-4014,-4015)
(-4016,-4011)
(-4018,-4013)
(-4023,-4012)
(-4028,-4013)
(-4032,-4010)
(-4034,-4004)
(-4032,-4000)
(-4033,-3995)
(-4039,-3989)
(-4040,-3986)
(-4039,-3984)
(-4035,-3985)
(-4029,-3984)
(-4027,-3988)
(-4025,-3984)
(-4024,-3985)
(-4022,-3995)
(-4015,-3988)
(-4012,-3983)
(-4010,-3983)
(-4006,-3992)
(-3997,-3990)
(-3996,-3987)
(-3993,-3971)
(-3994,-3967)
(-3997,-3958)
(-4000,-3958)
(-4002,-3947)
(-4000,-3943)
(-3998,-3947)
(-3997,-3947)
(-3994,-3943)
(-3993,-3940)
(-3991,-3943)
(-3988,-3940)
(-3986,-3941)
(-3986,-3936)
(-3984,-3935)
(-3980,-3943)
(-3978,-3950)
(-3975,-3943)
(-3970,-3940)
(-3968,-3942)
(-3966,-3935)
(-3967,-3930)
(-3968,-3929)
(-3969,-3920)
(-3970,-3914)
(-3969,-3911)
(-3968,-3910)
(-3965,-3914)
(-3963,-3918)
(-3959,-3917)
(-3958,-3909)
(-3959,-3906)
(-3957,-3904)
(-3958,-3901)
(-3956,-3896)
(-3956,-3888)
(-3958,-3889)
(-3963,-3880)
(-3962,-3876)
(-3959,-3868)
(-3957,-3865)
(-3950,-3879)
(-3944,-3880)
(-3944,-3878)
(-3947,-3860)
(-3947,-3859)
(-3944,-3859)
(-3943,-3856)
(-3942,-3857)
(-3940,-3861)
(-3937,-3864)
(-3938,-3854)
(-3940,-3850)
(-3941,-3842)
(-3939,-3842)
(-3936,-3850)
(-3935,-3849)
(-3935,-3846)
(-3933,-3850)
(-3932,-3850)
(-3931,-3847)
(-3931,-3843)
(-3932,-3838)
(-3934,-3837)
(-3935,-3834)
(-3934,-3831)
(-3932,-3832)
(-3931,-3831)
(-3931,-3825)
(-3930,-3823)
(-3928,-3829)
(-3929,-3833)
(-3927,-3833)
(-3927,-3840)
(-3926,-3843)
(-3923,-3839)
(-3921,-3838)
(-3920,-3843)
(-3918,-3846)
(-3918,-3841)
(-3911,-3845)
(-3909,-3839)
(-3907,-3841)
(-3905,-3835)
(-3904,-3837)
(-3902,-3836)
(-3900,-3829)
(-3902,-3830)
(-3902,-3819)
(-3905,-3804)
(-3904,-3796)
(-3906,-3793)
(-3909,-3793)
(-3907,-3790)
(-3908,-3786)
(-3907,-3782)
(-3906,-3778)
(-3902,-3782)
(-3901,-3781)
(-3900,-3788)
(-3896,-3791)
(-3896,-3789)
(-3895,-3783)
(-3894,-3781)
(-3894,-3770)
(-3891,-3766)
(-3888,-3776)
(-3888,-3762)
(-3894,-3752)
(-3892,-3741)
(-3891,-3740)
(-3891,-3745)
(-3890,-3750)
(-3887,-3752)
(-3885,-3757)
(-3884,-3749)
(-3879,-3751)
(-3878,-3747)
(-3875,-3747)
(-3876,-3743)
(-3879,-3741)
(-3878,-3738)
(-3879,-3736)
(-3882,-3739)
(-3882,-3735)
(-3884,-3737)
(-3886,-3734)
(-3885,-3731)
(-3884,-3732)
(-3883,-3729)
(-3881,-3726)
(-3881,-3723)
(-3883,-3722)
(-3881,-3715)
(-3878,-3714)
(-3876,-3716)
(-3874,-3711)
(-3876,-3708)
(-3875,-3706)
(-3871,-3705)
(-3871,-3703)
(-3872,-3704)
(-3874,-3699)
(-3873,-3696)
(-3871,-3694)
(-3872,-3690)
(-3871,-3688)
(-3870,-3686)
(-3869,-3691)
(-3866,-3693)
(-3865,-3690)
(-3864,-3685)
(-3862,-3683)
(-3862,-3677)
(-3863,-3680)
(-3864,-3677)
(-3863,-3673)
(-3863,-3664)
(-3861,-3665)
(-3859,-3665)
(-3856,-3656)
(-3854,-3656)
(-3853,-3659)
(-3851,-3656)
(-3849,-3658)
(-3848,-3651)
(-3844,-3661)
(-3842,-3659)
(-3841,-3654)
(-3842,-3651)
(-3843,-3647)
(-3842,-3645)
(-3840,-3642)
(-3839,-3630)
(-3835,-3617)
(-3836,-3601)
(-3834,-3597)
(-3832,-3598)
(-3831,-3592)
(-3828,-3594)
(-3826,-3591)
(-3827,-3589)
(-3831,-3590)
(-3832,-3588)
(-3831,-3584)
(-3832,-3580)
(-3833,-3574)
(-3834,-3568)
(-3832,-3564)
(-3832,-3560)
(-3830,-3560)
(-3830,-3565)
(-3829,-3566)
(-3827,-3560)
(-3822,-3560)
(-3820,-3551)
(-3822,-3545)
(-3820,-3541)
(-3819,-3535)
(-3818,-3533)
(-3816,-3535)
(-3812,-3535)
(-3809,-3512)
(-3807,-3503)
(-3808,-3490)
(-3806,-3487)
(-3804,-3489)
(-3802,-3488)
(-3805,-3482)
(-3804,-3479)
(-3802,-3478)
(-3798,-3472)
(-3798,-3467)
(-3796,-3461)
(-3796,-3453)
(-3793,-3437)
(-3793,-3429)
(-3795,-3421)
(-3796,-3419)
(-3801,-3419)
(-3802,-3416)
(-3803,-3417)
(-3805,-3414)
(-3807,-3417)
(-3813,-3403)
(-3816,-3404)
(-3819,-3408)
(-3818,-3413)
(-3817,-3416)
(-3818,-3419)
(-3818,-3428)
(-3817,-3430)
(-3811,-3427)
(-3808,-3429)
(-3808,-3442)
(-3810,-3445)
(-3812,-3442)
(-3813,-3442)
(-3812,-3450)
(-3813,-3455)
(-3815,-3460)
(-3816,-3455)
(-3817,-3457)
(-3819,-3468)
(-3820,-3472)
(-3820,-3483)
(-3822,-3486)
(-3823,-3492)
(-3830,-3501)
(-3830,-3504)
(-3834,-3505)
(-3835,-3511)
(-3837,-3516)
(-3840,-3520)
(-3852,-3529)
(-3854,-3535)
(-3856,-3534)
(-3857,-3527)
(-3858,-3526)
(-3860,-3527)
(-3862,-3535)
(-3864,-3532)
(-3864,-3526)
(-3865,-3524)
(-3869,-3524)
(-3872,-3527)
(-3870,-3540)
(-3866,-3540)
(-3868,-3550)
(-3866,-3556)
(-3862,-3559)
(-3859,-3567)
(-3860,-3573)
(-3861,-3575)
(-3867,-3571)
(-3870,-3568)
(-3872,-3570)
(-3872,-3575)
(-3871,-3582)
(-3864,-3581)
(-3863,-3583)
(-3865,-3597)
(-3869,-3604)
(-3871,-3611)
(-3872,-3611)
(-3874,-3613)
(-3875,-3622)
(-3878,-3625)
(-3882,-3637)
(-3890,-3646)
(-3895,-3657)
(-3897,-3663)
(-3898,-3664)
(-3899,-3660)
(-3900,-3662)
(-3899,-3669)
(-3900,-3675)
(-3902,-3679)
(-3903,-3686)
(-3904,-3691)
(-3909,-3696)
(-3913,-3696)
(-3914,-3698)
(-3914,-3706)
(-3911,-3713)
(-3911,-3718)
(-3915,-3722)
(-3918,-3728)
(-3922,-3723)
(-3926,-3725)
(-3929,-3719)
(-3931,-3703)
(-3932,-3701)
(-3933,-3703)
(-3934,-3707)
(-3933,-3722)
(-3934,-3726)
(-3936,-3728)
(-3938,-3727)
(-3943,-3732)
(-3946,-3743)
(-3955,-3747)
(-3960,-3742)
(-3961,-3729)
(-3967,-3723)
(-3968,-3720)
(-3968,-3715)
(-3970,-3712)
(-3968,-3703)
(-3966,-3704)
(-3965,-3699)
(-3962,-3695)
(-3963,-3690)
(-3964,-3681)
(-3960,-3680)
(-3957,-3683)
(-3955,-3679)
(-3955,-3675)
(-3958,-3669)
(-3963,-3666)
(-3964,-3664)
(-3963,-3661)
(-3960,-3659)
(-3955,-3661)
(-3954,-3660)
(-3954,-3657)
(-3956,-3651)
(-3956,-3636)
(-3957,-3633)
(-3963,-3640)
(-3967,-3644)
(-3969,-3651)
(-3974,-3654)
(-3978,-3662)
(-3980,-3668)
(-3977,-3672)
(-3974,-3672)
(-3972,-3674)
(-3967,-3684)
(-3969,-3688)
(-3974,-3691)
(-3975,-3699)
(-3977,-3701)
(-3986,-3699)
(-3988,-3703)
(-3986,-3709)
(-3979,-3712)
(-3972,-3723)
(-3971,-3732)
(-3971,-3745)
(-3973,-3752)
(-3973,-3764)
(-3974,-3767)
(-3976,-3773)
(-3977,-3773)
(-3981,-3759)
(-3986,-3746)
(-3989,-3755)
(-3993,-3761)
(-3995,-3760)
(-3996,-3752)
(-3999,-3754)
(-4000,-3753)
(-4000,-3746)
(-4003,-3749)
(-4004,-3757)
(-4001,-3764)
(-3991,-3771)
(-3984,-3784)
(-3980,-3789)
(-3978,-3790)
(-3975,-3805)
(-3973,-3810)
(-3970,-3811)
(-3972,-3816)
(-3973,-3821)
(-3977,-3828)
(-3981,-3827)
(-3981,-3816)
(-3983,-3815)
(-3984,-3819)
(-3984,-3832)
(-3985,-3832)
(-3987,-3827)
(-3988,-3838)
(-3989,-3839)
(-3991,-3834)
(-3992,-3829)
(-3995,-3828)
(-3995,-3834)
(-3995,-3838)
(-3994,-3842)
(-3994,-3846)
(-3995,-3848)
(-4000,-3849)
(-4000,-3846)
(-4003,-3852)
(-4006,-3848)
(-4005,-3843)
(-4006,-3836)
(-4007,-3827)
(-4011,-3823)
(-4014,-3825)
(-4015,-3830)
(-4016,-3836)
(-4013,-3861)
(-4013,-3875)
(-4015,-3880)
(-4017,-3882)
(-4016,-3889)
(-4018,-3890)
(-4020,-3896)
(-4021,-3896)
(-4023,-3890)
(-4026,-3890)
(-4026,-3882)
(-4029,-3880)
(-4033,-3895)
(-4034,-3893)
(-4035,-3886)
(-4039,-3886)
(-4040,-3890)
(-4039,-3897)
(-4041,-3900)
(-4039,-3909)
(-4043,-3917)
(-4040,-3919)
(-4040,-3923)
(-4044,-3931)
(-4046,-3928)
(-4050,-3935)
(-4054,-3937)
(-4055,-3935)
(-4057,-3923)
(-4059,-3923)
(-4060,-3915)
(-4063,-3925)
(-4065,-3933)
(-4067,-3934)
(-4070,-3930)
(-4073,-3937)
(-4077,-3929)
(-4077,-3921)
(-4078,-3920)
(-4086,-3943)
(-4088,-3944)
(-4090,-3940)
(-4088,-3932)
(-4088,-3921)
(-4090,-3918)
(-4088,-3911)
(-4081,-3898)
(-4084,-3895)
(-4084,-3889)
(-4087,-3886)
(-4089,-3887)
(-4092,-3893)
(-4093,-3900)
(-4092,-3907)
(-4097,-3918)
(-4099,-3929)
(-4102,-3927)
(-4102,-3903)
(-4104,-3898)
(-4107,-3900)
(-4108,-3907)
(-4110,-3910)
(-4112,-3919)
(-4114,-3915)
(-4117,-3913)
(-4118,-3909)
(-4118,-3900)
(-4121,-3895)
(-4122,-3890)
(-4120,-3879)
(-4126,-3869)
(-4127,-3860)
(-4127,-3848)
(-4125,-3848)
(-4125,-3840)
(-4124,-3840)
(-4120,-3853)
(-4116,-3855)
(-4116,-3853)
(-4116,-3851)
(-4118,-3846)
(-4116,-3843)
(-4115,-3844)
(-4113,-3837)
(-4110,-3834)
(-4108,-3829)
(-4107,-3822)
(-4106,-3803)
(-4108,-3787)
(-4108,-3776)
(-4110,-3776)
(-4112,-3781)
(-4109,-3792)
(-4113,-3816)
(-4115,-3823)
(-4120,-3828)
(-4121,-3832)
(-4123,-3830)
(-4126,-3803)
(-4130,-3793)
(-4131,-3795)
(-4130,-3804)
(-4134,-3802)
(-4135,-3807)
(-4136,-3802)
(-4137,-3815)
(-4139,-3821)
(-4140,-3823)
(-4142,-3814)
(-4142,-3798)
(-4143,-3797)
(-4144,-3797)
(-4148,-3806)
(-4151,-3810)
(-4153,-3809)
(-4153,-3802)
(-4149,-3791)
(-4154,-3783)
(-4156,-3781)
(-4159,-3783)
(-4161,-3781)
(-4162,-3776)
(-4161,-3766)
(-4162,-3760)
(-4163,-3757)
(-4169,-3752)
(-4170,-3742)
(-4172,-3744)
(-4175,-3742)
(-4184,-3743)
(-4186,-3746)
(-4187,-3755)
(-4191,-3756)
(-4194,-3743)
(-4198,-3745)
(-4199,-3742)
(-4204,-3716)
(-4209,-3712)
(-4212,-3714)
(-4217,-3720)
(-4222,-3746)
(-4229,-3738)
(-4232,-3733)
(-4233,-3728)
(-4230,-3710)
(-4230,-3689)
(-4231,-3686)
(-4234,-3682)
(-4236,-3684)
(-4237,-3693)
(-4238,-3696)
(-4242,-3698)
(-4243,-3705)
(-4245,-3708)
(-4245,-3714)
(-4246,-3721)
(-4255,-3725)
(-4256,-3723)
(-4256,-3717)
(-4256,-3708)
(-4254,-3704)
(-4251,-3695)
(-4250,-3690)
(-4251,-3681)
(-4254,-3676)
(-4260,-3679)
(-4263,-3685)
(-4264,-3678)
(-4266,-3677)
(-4267,-3667)
(-4272,-3657)
(-4273,-3659)
(-4274,-3675)
(-4275,-3677)
(-4276,-3674)
(-4277,-3661)
(-4282,-3657)
(-4282,-3660)
(-4282,-3665)
(-4280,-3674)
(-4280,-3677)
(-4282,-3677)
(-4285,-3667)
(-4287,-3675)
(-4286,-3686)
(-4287,-3691)
(-4288,-3692)
(-4290,-3686)
(-4293,-3688)
(-4294,-3686)
(-4294,-3681)
(-4291,-3675)
(-4291,-3669)
(-4297,-3662)
(-4299,-3649)
(-4305,-3646)
(-4307,-3649)
(-4306,-3660)
(-4310,-3668)
(-4312,-3678)
(-4313,-3712)
(-4315,-3717)
(-4317,-3715)
(-4321,-3716)
(-4323,-3712)
(-4324,-3701)
(-4325,-3689)
(-4324,-3674)
(-4322,-3661)
(-4325,-3651)
(-4324,-3648)
(-4322,-3648)
(-4319,-3645)
(-4320,-3641)
(-4321,-3640)
(-4326,-3640)
(-4327,-3645)
(-4331,-3662)
(-4331,-3652)
(-4333,-3644)
(-4339,-3639)
(-4338,-3653)
(-4338,-3656)
(-4339,-3657)
(-4342,-3659)
(-4342,-3644)
(-4344,-3637)
(-4347,-3641)
(-4348,-3648)
(-4348,-3660)
(-4346,-3678)
(-4347,-3686)
(-4349,-3686)
(-4352,-3693)
(-4354,-3683)
(-4357,-3683)
(-4360,-3691)
(-4361,-3688)
(-4363,-3656)
(-4359,-3641)
(-4359,-3634)
(-4360,-3631)
(-4364,-3628)
(-4368,-3629)
(-4370,-3630)
(-4374,-3638)
(-4375,-3635)
(-4379,-3639)
(-4382,-3637)
(-4377,-3627)
(-4379,-3616)
(-4379,-3608)
(-4373,-3603)
(-4371,-3598)
(-4372,-3591)
(-4374,-3586)
(-4380,-3587)
(-4385,-3593)
(-4394,-3591)
(-4397,-3610)
(-4396,-3615)
(-4394,-3620)
(-4390,-3622)
(-4389,-3628)
(-4389,-3630)
(-4394,-3632)
(-4399,-3633)
(-4402,-3637)
(-4401,-3645)
(-4397,-3643)
(-4393,-3648)
(-4396,-3648)
(-4399,-3654)
(-4397,-3666)
(-4391,-3673)
(-4389,-3685)
(-4387,-3702)
(-4387,-3710)
(-4389,-3716)
(-4390,-3713)
(-4393,-3693)
(-4395,-3692)
(-4395,-3694)
(-4393,-3707)
(-4397,-3701)
(-4398,-3703)
(-4399,-3692)
(-4401,-3687)
(-4402,-3690)
(-4401,-3705)
(-4401,-3711)
(-4403,-3711)
(-4407,-3697)
(-4412,-3697)
(-4412,-3692)
(-4408,-3687)
(-4407,-3683)
(-4410,-3668)
(-4412,-3649)
(-4414,-3641)
(-4422,-3656)
(-4423,-3653)
(-4421,-3639)
(-4421,-3636)
(-4423,-3636)
(-4425,-3641)
(-4428,-3643)
(-4429,-3651)
(-4431,-3646)
(-4437,-3656)
(-4438,-3664)
(-4437,-3674)
(-4433,-3680)
(-4433,-3684)
(-4434,-3691)
(-4433,-3700)
(-4435,-3707)
(-4437,-3697)
(-4441,-3693)
(-4441,-3687)
(-4444,-3679)
(-4444,-3665)
(-4445,-3662)
(-4452,-3672)
(-4455,-3685)
(-4455,-3694)
(-4458,-3697)
(-4460,-3686)
(-4458,-3668)
(-4455,-3651)
(-4456,-3641)
(-4458,-3640)
(-4462,-3644)
(-4465,-3662)
(-4467,-3658)
(-4469,-3659)
(-4472,-3668)
(-4472,-3686)
(-4470,-3695)
(-4471,-3713)
(-4466,-3732)
(-4467,-3736)
(-4468,-3738)
(-4478,-3725)
(-4482,-3715)
(-4489,-3712)
(-4497,-3727)
(-4499,-3744)
(-4499,-3753)
(-4497,-3756)
(-4486,-3758)
(-4483,-3765)
(-4480,-3783)
(-4476,-3792)
(-4477,-3797)
(-4483,-3794)
(-4490,-3784)
(-4494,-3784)
(-4495,-3793)
(-4493,-3808)
(-4494,-3813)
(-4498,-3819)
(-4500,-3841)
(-4501,-3838)
(-4501,-3827)
(-4501,-3797)
(-4501,-3794)
(-4508,-3785)
(-4509,-3789)
(-4509,-3812)
(-4510,-3819)
(-4512,-3847)
(-4516,-3863)
(-4519,-3868)
(-4520,-3855)
(-4518,-3831)
(-4519,-3791)
(-4519,-3786)
(-4521,-3787)
(-4530,-3817)
(-4541,-3870)
(-4546,-3903)
(-4544,-3920)
(-4546,-3930)
(-4547,-3935)
(-4551,-3927)
(-4553,-3934)
(-4562,-4008)
(-4565,-4059)
(-4564,-4082)
(-4568,-4097)
(-4571,-4121)
(-4572,-4142)
(-4574,-4153)
(-4574,-4163)
(-4573,-4202)
(-4570,-4211)
(-4568,-4223)
(-4565,-4229)
(-4562,-4228)
(-4561,-4231)
(-4562,-4241)
(-4563,-4252)
(-4564,-4267)
(-4562,-4282)
(-4562,-4303)
(-4563,-4342)
(-4562,-4351)
(-4561,-4363)
(-4557,-4380)
(-4556,-4399)
(-4556,-4442)
(-4554,-4482)
(-4550,-4539)
(-4547,-4589)
(-4548,-4621)
(-4549,-4672)
(-4552,-4700)
(-4557,-4755)
(-4569,-4848)
(-4584,-4959)
(-4588,-4980)
(-4598,-5037)
(-4606,-5075)
(-4611,-5094)
(-4617,-5106)
(-4631,-5118)
(-4636,-5117)
(-4640,-5106)
(-4644,-5061)
(-4652,-4999)
(-4658,-4961)
(-4664,-4931)
(-4665,-4930)
(-4669,-4942)
(-4669,-4922)
(-4671,-4910)
(-4672,-4897)
(-4677,-4865)
(-4682,-4832)
(-4686,-4766)
(-4692,-4708)
(-4698,-4667)
(-4705,-4637)
(-4709,-4633)
(-4714,-4642)
(-4722,-4671)
(-4727,-4717)
(-4729,-4751)
(-4730,-4773)
(-4728,-4823)
(-4725,-4854)
(-4725,-4862)
(-4727,-4873)
(-4731,-4877)
(-4743,-4861)
(-4747,-4877)
(-4748,-4899)
(-4749,-4901)
(-4751,-4892)
(-4759,-4875)
(-4765,-4872)
(-4770,-4862)
(-4772,-4850)
(-4777,-4846)
(-4786,-4824)
(-4779,-4801)
(-4776,-4796)
(-4760,-4821)
(-4757,-4819)
(-4756,-4811)
(-4756,-4782)
(-4758,-4739)
(-4758,-4671)
(-4759,-4598)
(-4761,-4582)
(-4763,-4569)
(-4772,-4538)
(-4782,-4529)
(-4790,-4547)
(-4796,-4574)
(-4799,-4596)
(-4800,-4628)
(-4802,-4674)
(-4801,-4702)
(-4801,-4725)
(-4797,-4787)
(-4797,-4801)
(-4798,-4806)
(-4801,-4795)
(-4802,-4773)
(-4805,-4759)
(-4808,-4730)
(-4812,-4661)
(-4810,-4634)
(-4811,-4616)
(-4818,-4589)
(-4834,-4548)
(-4844,-4510)
(-4851,-4462)
(-4855,-4421)
(-4862,-4324)
(-4868,-4196)
(-4870,-4176)
(-4872,-4160)
(-4874,-4144)
(-4875,-4128)
(-4877,-4112)
(-4879,-4095)
(-4881,-4076)
(-4883,-4061)
(-4885,-4046)
(-4887,-4031)
(-4889,-4016)
(-4892,-4002)
(-4894,-3988)
(-4896,-3972)
(-4898,-3955)
(-4900,-3940)
(-4903,-3927)
(-4905,-3912)
(-4907,-3896)
(-4909,-3880)
(-4911,-3863)
(-4913,-3848)
(-4915,-3833)
(-4918,-3816)
(-4920,-3801)
(-4922,-3785)
(-4924,-3768)
(-4926,-3752)
(-4928,-3736)
(-4931,-3720)
(-4934,-3695)
(-4935,-3687)
(-4937,-3669)
(-4939,-3651)
(-4941,-3631)
(-4943,-3611)
(-4944,-3591)
(-4946,-3578)
(-4953,-3545)
(-4958,-3527)
(-4973,-3547)
(-4978,-3544)
(-4982,-3521)
(-4982,-3495)
(-4980,-3473)
(-4976,-3459)
(-4973,-3448)
(-4970,-3437)
(-4967,-3427)
(-4965,-3417)
(-4962,-3404)
(-4959,-3392)
(-4956,-3381)
(-4954,-3369)
(-4951,-3359)
(-4947,-3346)
(-4945,-3339)
(-4942,-3327)
(-4940,-3312)
(-4938,-3294)
(-4936,-3277)
(-4933,-3260)
(-4931,-3243)
(-4929,-3225)
(-4928,-3218)
(-4926,-3184)
(-4925,-3163)
(-4923,-3144)
(-4922,-3112)
(-4916,-3039)
(-4913,-2967)
(-4908,-2829)
(-4909,-2743)
(-4913,-2657)
(-4911,-2588)
(-4905,-2551)
(-4902,-2540)
(-4890,-2528)
(-4882,-2492)
(-4851,-2275)
(-4834,-2193)
(-4825,-2143)
(-4822,-2115)
(-4820,-2092)
(-4820,-2062)
(-4822,-1982)
(-4823,-1945)
(-4829,-1875)
(-4829,-1837)
(-4827,-1826)
(-4821,-1833)
(-4809,-1805)
(-4802,-1799)
(-4789,-1816)
(-4780,-1811)
(-4775,-1833)
(-4773,-1838)
(-4765,-1809)
(-4757,-1769)
(-4754,-1766)
(-4750,-1787)
(-4749,-1803)
(-4743,-1996)
(-4735,-2072)
(-4731,-2124)
(-4729,-2141)
(-4725,-2151)
(-4715,-2157)
(-4710,-2167)
(-4707,-2158)
(-4707,-2132)
(-4705,-2140)
(-4703,-2135)
(-4703,-2153)
(-4702,-2156)
(-4696,-2157)
(-4689,-2150)
(-4685,-2144)
(-4684,-2136)
(-4686,-2110)
(-4686,-2088)
(-4684,-2107)
(-4683,-2115)
(-4675,-2121)
(-4671,-2113)
(-4670,-2100)
(-4669,-2066)
(-4660,-2032)
(-4648,-1967)
(-4640,-1912)
(-4637,-1900)
(-4633,-1894)
(-4626,-1907)
(-4623,-1888)
(-4623,-1880)
(-4627,-1871)
(-4628,-1863)
(-4623,-1840)
(-4619,-1825)
(-4597,-1703)
(-4594,-1689)
(-4591,-1684)
(-4582,-1691)
(-4579,-1684)
(-4574,-1685)
(-4574,-1676)
(-4579,-1657)
(-4581,-1643)
(-4572,-1594)
(-4571,-1591)
(-4570,-1593)
(-4568,-1607)
(-4568,-1626)
(-4569,-1641)
(-4565,-1624)
(-4563,-1629)
(-4562,-1627)
(-4561,-1610)
(-4562,-1596)
(-4564,-1579)
(-4562,-1568)
(-4558,-1553)
(-4556,-1535)
(-4553,-1512)
(-4550,-1466)
(-4541,-1409)
(-4538,-1375)
(-4533,-1357)
(-4530,-1323)
(-4530,-1313)
(-4533,-1308)
(-4533,-1302)
(-4529,-1279)
(-4530,-1261)
(-4529,-1252)
(-4526,-1245)
(-4524,-1235)
(-4524,-1200)
(-4522,-1160)
(-4516,-1141)
(-4512,-1139)
(-4511,-1145)
(-4510,-1152)
(-4512,-1180)
(-4512,-1182)
(-4510,-1182)
(-4504,-1166)
(-4503,-1156)
(-4500,-1147)
(-4490,-1125)
(-4488,-1100)
(-4485,-1087)
(-4474,-1070)
(-4470,-1048)
(-4467,-996)
(-4465,-982)
(-4466,-956)
(-4462,-941)
(-4460,-923)
(-4449,-890)
(-4447,-860)
(-4437,-823)
(-4436,-824)
(-4436,-836)
(-4434,-847)
(-4435,-864)
(-4430,-868)
(-4429,-874)
(-4430,-881)
(-4435,-890)
(-4438,-906)
(-4442,-925)
(-4444,-948)
(-4444,-981)
(-4440,-1011)
(-4439,-1015)
(-4438,-1013)
(-4437,-1006)
(-4437,-998)
(-4436,-994)
(-4430,-979)
(-4426,-965)
(-4425,-964)
(-4424,-967)
(-4425,-975)
(-4427,-983)
(-4427,-994)
(-4430,-1007)
(-4429,-1012)
(-4427,-1014)
(-4421,-1001)
(-4415,-980)
(-4405,-976)
(-4399,-961)
(-4399,-949)
(-4396,-935)
(-4392,-922)
(-4391,-917)
(-4392,-886)
(-4394,-873)
(-4394,-868)
(-4389,-853)
(-4388,-841)
(-4385,-835)
(-4384,-826)
(-4380,-824)
(-4380,-839)
(-4375,-846)
(-4371,-866)
(-4368,-868)
(-4367,-861)
(-4368,-822)
(-4370,-807)
(-4368,-797)
(-4364,-789)
(-4359,-757)
(-4353,-734)
(-4346,-725)
(-4341,-703)
(-4334,-687)
(-4327,-680)
(-4322,-679)
(-4313,-684)
(-4303,-710)
(-4299,-728)
(-4286,-738)
(-4283,-737)
(-4281,-733)
(-4277,-711)
(-4277,-695)
(-4277,-693)
(-4284,-698)
(-4294,-696)
(-4298,-685)
(-4300,-677)
(-4300,-669)
(-4299,-661)
(-4298,-655)
(-4282,-633)
(-4269,-605)
(-4267,-603)
(-4264,-604)
(-4263,-619)
(-4260,-626)
(-4259,-626)
(-4257,-613)
(-4254,-587)
(-4255,-568)
(-4257,-567)
(-4259,-571)
(-4260,-579)
(-4262,-580)
(-4264,-563)
(-4267,-551)
(-4272,-539)
(-4276,-533)
(-4282,-529)
(-4305,-518)
(-4308,-513)
(-4310,-502)
(-4303,-474)
(-4303,-448)
(-4302,-440)
(-4298,-440)
(-4288,-463)
(-4284,-461)
(-4279,-452)
(-4260,-422)
(-4253,-399)
(-4245,-382)
(-4243,-372)
(-4242,-355)
(-4242,-347)
(-4244,-341)
(-4249,-329)
(-4253,-326)
(-4255,-329)
(-4269,-366)
(-4281,-368)
(-4283,-366)
(-4285,-361)
(-4286,-351)
(-4285,-345)
(-4283,-315)
(-4281,-300)
(-4277,-283)
(-4280,-252)
(-4277,-235)
(-4280,-218)
(-4277,-195)
(-4278,-186)
(-4275,-172)
(-4274,-152)
(-4270,-136)
(-4278,-140)
(-4282,-132)
(-4286,-131)
(-4289,-126)
(-4289,-122)
(-4286,-121)
(-4284,-116)
(-4284,-101)
(-4286,-96)
(-4286,-91)
(-4285,-87)
(-4279,-79)
(-4277,-69)
(-4277,-59)
(-4281,-50)
(-4284,-47)
(-4295,-55)
(-4297,-36)
(-4300,-18)
(-4290,0)
(-4287,5)
(-4283,7)
(-4280,20)
(-4276,27)
(-4273,42)
(-4269,60)
(-4267,80)
(-4260,118)
(-4256,134)
(-4250,173)
(-4249,184)
(-4249,206)
(-4244,237)
(-4241,265)
(-4238,327)
(-4236,351)
(-4236,397)
(-4232,416)
(-4229,425)
(-4215,440)
(-4212,445)
(-4210,453)
(-4210,474)
(-4211,478)
(-4213,482)
(-4223,494)
(-4226,500)
(-4229,509)
(-4228,520)
(-4221,542)
(-4219,545)
(-4206,517)
(-4205,518)
(-4204,521)
(-4204,548)
(-4207,559)
(-4218,592)
(-4223,602)
(-4225,615)
(-4234,627)
(-4240,645)
(-4243,676)
(-4242,689)
(-4243,697)
(-4244,717)
(-4243,722)
(-4242,725)
(-4225,748)
(-4218,759)
(-4217,764)
(-4216,808)
(-4211,837)
(-4210,850)
(-4210,859)
(-4217,892)
(-4217,908)
(-4217,942)
(-4215,957)
(-4214,967)
(-4213,975)
(-4212,984)
(-4210,992)
(-4209,1001)
(-4208,1009)
(-4207,1018)
(-4206,1027)
(-4205,1036)
(-4204,1044)
(-4202,1053)
(-4201,1062)
(-4200,1070)
(-4198,1082)
(-4199,1089)
(-4203,1101)
(-4205,1112)
(-4210,1171)
(-4214,1202)
(-4223,1249)
(-4224,1272)
(-4224,1311)
(-4225,1322)
(-4230,1344)
(-4233,1367)
(-4232,1404)
(-4232,1412)
(-4231,1422)
(-4230,1431)
(-4229,1440)
(-4228,1450)
(-4227,1459)
(-4226,1468)
(-4225,1478)
(-4224,1487)
(-4223,1497)
(-4222,1506)
(-4221,1515)
(-4219,1529)
(-4218,1558)
(-4213,1576)
(-4209,1617)
(-4208,1630)
(-4209,1638)
(-4210,1646)
(-4210,1652)
(-4207,1664)
(-4206,1674)
(-4203,1684)
(-4200,1718)
(-4190,1769)
(-4189,1783)
(-4189,1811)
(-4187,1859)
(-4186,1868)
(-4176,1899)
(-4171,1925)
(-4163,1955)
(-4156,1976)
(-4153,1979)
(-4143,1982)
(-4140,1989)
(-4137,2007)
(-4131,1999)
(-4126,1998)
(-4123,1999)
(-4119,2006)
(-4113,2022)
(-4110,2038)
(-4109,2048)
(-4110,2065)
(-4112,2079)
(-4123,2089)
(-4132,2091)
(-4137,2103)
(-4147,2133)
(-4157,2138)
(-4168,2156)
(-4170,2164)
(-4171,2173)
(-4176,2190)
(-4180,2225)
(-4182,2226)
(-4188,2226)
(-4187,2235)
(-4184,2240)
(-4182,2249)
(-4178,2259)
(-4178,2265)
(-4180,2268)
(-4186,2271)
(-4186,2274)
(-4184,2282)
(-4185,2291)
(-4189,2297)
(-4198,2303)
(-4200,2309)
(-4197,2310)
(-4196,2318)
(-4196,2322)
(-4198,2324)
(-4197,2330)
(-4193,2338)
(-4191,2338)
(-4191,2345)
(-4191,2347)
(-4188,2346)
(-4183,2351)
(-4180,2365)
(-4179,2366)
(-4179,2383)
(-4177,2378)
(-4176,2383)
(-4173,2381)
(-4171,2383)
(-4169,2376)
(-4167,2373)
(-4165,2376)
(-4167,2384)
(-4166,2388)
(-4164,2389)
(-4164,2394)
(-4163,2393)
(-4162,2386)
(-4157,2382)
(-4155,2383)
(-4154,2378)
(-4151,2379)
(-4151,2388)
(-4150,2389)
(-4145,2385)
(-4138,2385)
(-4134,2395)
(-4131,2398)
(-4127,2424)
(-4122,2434)
(-4120,2456)
(-4115,2462)
(-4112,2463)
(-4111,2466)
(-4110,2483)
(-4103,2519)
(-4103,2531)
(-4102,2537)
(-4096,2551)
(-4091,2558)
(-4089,2558)
(-4088,2568)
(-4086,2569)
(-4085,2582)
(-4083,2587)
(-4082,2603)
(-4083,2610)
(-4084,2625)
(-4082,2630)
(-4078,2643)
(-4079,2655)
(-4079,2670)
(-4075,2674)
(-4073,2681)
(-4069,2686)
(-4064,2700)
(-4062,2726)
(-4062,2731)
(-4064,2734)
(-4065,2736)
(-4066,2739)
(-4066,2743)
(-4064,2745)
(-4062,2745)
(-4060,2750)
(-4059,2762)
(-4059,2778)
(-4055,2784)
(-4051,2776)
(-4048,2778)
(-4045,2774)
(-4042,2774)
(-4039,2780)
(-4037,2789)
(-4036,2814)
(-4037,2818)
(-4037,2819)
(-4040,2818)
(-4041,2820)
(-4041,2832)
(-4042,2839)
(-4047,2850)
(-4050,2852)
(-4051,2858)
(-4054,2857)
(-4055,2860)
(-4055,2865)
(-4054,2870)
(-4055,2873)
(-4057,2876)
(-4058,2891)
(-4056,2898)
(-4055,2907)
(-4047,2919)
(-4045,2930)
(-4042,2947)
(-4037,2957)
(-4038,2933)
(-4038,2925)
(-4037,2922)
(-4034,2924)
(-4034,2916)
(-4031,2905)
(-4028,2901)
(-4021,2900)
(-4019,2902)
(-4017,2906)
(-4017,2916)
(-4014,2933)
(-4013,2944)
(-4010,2954)
(-4010,2959)
(-4017,2964)
(-4020,2974)
(-4022,2991)
(-4027,2996)
(-4028,2999)
(-4028,3004)
(-4026,3006)
(-4027,3014)
(-4030,3026)
(-4031,3034)
(-4029,3044)
(-4029,3050)
(-4027,3057)
(-4025,3058)
(-4026,3050)
(-4025,3048)
(-4025,3043)
(-4023,3035)
(-4023,3027)
(-4020,3030)
(-4018,3027)
(-4016,3029)
(-4012,3036)
(-4010,3039)
(-4008,3046)
(-4006,3026)
(-4006,3020)
(-4004,3014)
(-4002,3013)
(-3991,3017)
(-3985,3023)
(-3978,3038)
(-3975,3068)
(-3972,3075)
(-3971,3081)
(-3962,3105)
(-3959,3118)
(-3956,3149)
(-3957,3163)
(-3956,3173)
(-3954,3187)
(-3951,3227)
(-3951,3234)
(-3953,3239)
(-3953,3244)
(-3953,3270)
(-3954,3286)
(-3953,3296)
(-3955,3316)
(-3957,3320)
(-3960,3331)
(-3961,3337)
(-3964,3342)
(-3974,3360)
(-3978,3365)
(-3979,3370)
(-3984,3376)
(-3984,3401)
(-3987,3410)
(-3991,3430)
(-3993,3437)
(-4002,3439)
(-4002,3418)
(-4002,3412)
(-4008,3405)
(-4009,3397)
(-4013,3398)
(-4014,3391)
(-4015,3393)
(-4016,3401)
(-4020,3402)
(-4021,3406)
(-4023,3407)
(-4024,3421)
(-4023,3420)
(-4022,3414)
(-4021,3414)
(-4021,3424)
(-4018,3433)
(-4018,3435)
(-4021,3436)
(-4021,3438)
(-4020,3449)
(-4021,3462)
(-4023,3468)
(-4024,3475)
(-4026,3478)
(-4024,3483)
(-4024,3492)
(-4028,3493)
(-4030,3502)
(-4031,3505)
(-4031,3511)
(-4030,3520)
(-4030,3531)
(-4032,3537)
(-4036,3540)
(-4038,3544)
(-4039,3541)
(-4038,3532)
(-4039,3531)
(-4042,3535)
(-4045,3547)
(-4043,3558)
(-4043,3563)
(-4041,3567)
(-4042,3570)
(-4045,3570)
(-4046,3573)
(-4043,3578)
(-4042,3585)
(-4044,3608)
(-4042,3632)
(-4044,3640)
(-4047,3653)
(-4047,3662)
(-4049,3666)
(-4050,3680)
(-4049,3682)
(-4048,3689)
(-4051,3684)
(-4053,3686)
(-4052,3700)
(-4053,3728)
(-4055,3737)
(-4055,3745)
(-4057,3749)
(-4059,3765)
(-4058,3771)
(-4052,3787)
(-4051,3809)
(-4051,3826)
(-4055,3860)
(-4060,3891)
(-4060,3918)
(-4062,3941)
(-4064,3957)
(-4065,3990)
(-4067,4006)
(-4067,4021)
(-4066,4032)
(-4067,4039)
(-4069,4050)
(-4070,4079)
(-4073,4104)
(-4072,4113)
(-4072,4143)
(-4070,4151)
(-4066,4153)
(-4065,4163)
(-4064,4174)
(-4065,4177)
(-4066,4179)
(-4073,4182)
(-4083,4179)
(-4089,4180)
(-4092,4182)
(-4099,4195)
(-4107,4193)
(-4114,4186)
(-4118,4195)
(-4122,4194)
(-4126,4188)
(-4130,4170)
(-4131,4151)
(-4134,4151)
(-4136,4141)
(-4138,4138)
(-4134,4185)
(-4135,4189)
(-4136,4189)
(-4139,4183)
(-4144,4162)
(-4146,4133)
(-4147,4130)
(-4149,4131)
(-4150,4138)
(-4150,4172)
(-4153,4180)
(-4156,4181)
(-4158,4175)
(-4160,4162)
(-4159,4149)
(-4156,4131)
(-4156,4115)
(-4157,4108)
(-4159,4107)
(-4161,4109)
(-4163,4124)
(-4166,4127)
(-4167,4123)
(-4168,4111)
(-4170,4110)
(-4173,4117)
(-4174,4118)
(-4173,4105)
(-4173,4100)
(-4175,4097)
(-4177,4097)
(-4183,4140)
(-4187,4146)
(-4191,4147)
(-4192,4145)
(-4195,4131)
(-4195,4109)
(-4192,4102)
(-4193,4095)
(-4194,4086)
(-4196,4089)
(-4197,4088)
(-4199,4082)
(-4201,4080)
(-4204,4083)
(-4209,4084)
(-4213,4080)
(-4216,4096)
(-4222,4108)
(-4223,4114)
(-4222,4120)
(-4218,4128)
(-4218,4138)
(-4223,4145)
(-4227,4147)
(-4245,4145)
(-4247,4147)
(-4257,4193)
(-4259,4216)
(-4258,4237)
(-4259,4252)
(-4260,4271)
(-4267,4264)
(-4271,4264)
(-4275,4271)
(-4277,4284)
(-4269,4293)
(-4256,4331)
(-4246,4339)
(-4239,4338)
(-4235,4341)
(-4228,4318)
(-4224,4310)
(-4220,4308)
(-4216,4313)
(-4212,4334)
(-4211,4346)
(-4210,4354)
(-4206,4360)
(-4205,4366)
(-4201,4373)
(-4199,4382)
(-4197,4387)
(-4194,4389)
(-4189,4408)
(-4188,4415)
(-4188,4427)
(-4184,4441)
(-4183,4450)
(-4183,4458)
(-4184,4470)
(-4184,4483)
(-4187,4490)
(-4187,4504)
(-4184,4529)
(-4183,4541)
(-4181,4545)
(-4178,4546)
(-4172,4554)
(-4171,4558)
(-4170,4559)
(-4168,4565)
(-4166,4558)
(-4165,4564)
(-4164,4563)
(-4163,4570)
(-4165,4571)
(-4164,4579)
(-4162,4580)
(-4164,4588)
(-4163,4593)
(-4156,4603)
(-4157,4610)
(-4156,4613)
(-4155,4613)
(-4153,4626)
(-4153,4636)
(-4151,4646)
(-4146,4661)
(-4143,4675)
(-4141,4673)
(-4139,4676)
(-4133,4675)
(-4129,4680)
(-4127,4688)
(-4125,4685)
(-4123,4675)
(-4121,4671)
(-4120,4671)
(-4120,4675)
(-4118,4671)
(-4114,4674)
(-4111,4686)
(-4109,4684)
(-4107,4689)
(-4105,4695)
(-4107,4696)
(-4104,4700)
(-4105,4701)
(-4107,4700)
(-4107,4703)
(-4104,4707)
(-4100,4717)
(-4090,4732)
(-4088,4737)
(-4085,4749)
(-4083,4771)
(-4080,4781)
(-4074,4817)
(-4073,4826)
(-4073,4838)
(-4072,4847)
(-4072,4855)
(-4068,4878)
(-4066,4885)
(-4059,4884)
(-4057,4888)
(-4061,4905)
(-4060,4923)
(-4058,4921)
(-4056,4913)
(-4053,4901)
(-4051,4890)
(-4050,4888)
(-4049,4890)
(-4048,4898)
(-4046,4904)
(-4041,4913)
(-4035,4920)
(-4033,4932)
(-4034,4941)
(-4042,4952)
(-4044,4959)
(-4043,4963)
(-4038,4969)
(-4035,4976)
(-4031,4992)
(-4030,5002)
(-4029,5029)
(-4030,5045)
(-4029,5050)
(-4028,5075)
(-4029,5104)
(-4031,5124)
(-4031,5148)
(-4028,5156)
(-4027,5159)
(-4025,5160)
(-4024,5164)
(-4021,5216)
(-4015,5235)
(-4014,5249)
(-4011,5255)
(-4009,5265)
(-4007,5268)
(-4002,5268)
(-4000,5271)
(-3999,5287)
(-3996,5287)
(-3993,5287)
(-3990,5287)
(-3987,5288)
(-3984,5290)
(-3980,5290)
(-3977,5291)
(-3974,5291)
(-3971,5292)
(-3968,5293)
(-3965,5293)
(-3962,5294)
(-3963,5303)
(-3965,5309)
(-3968,5309)
(-3972,5313)
(-3985,5321)
(-3987,5326)
(-3991,5331)
(-3996,5326)
(-4003,5325)
(-4004,5333)
(-4007,5338)
(-4007,5352)
(-4009,5362)
(-4010,5376)
(-4009,5384)
(-4006,5397)
(-4007,5417)
(-4006,5420)
(-4006,5428)
(-4002,5436)
(-4001,5453)
(-3999,5461)
(-3998,5467)
(-3995,5471)
(-3996,5486)
(-3995,5492)
(-3993,5501)
(-3991,5516)
(-3990,5519)
(-3992,5542)
(-3997,5560)
(-3998,5566)
(-3998,5571)
(-3993,5580)
(-3993,5584)
(-3995,5592)
(-3995,5615)
(-3996,5623)
(-3994,5620)
(-3990,5627)
(-3990,5643)
(-3992,5648)
(-3995,5651)
(-3996,5648)
(-3998,5651)
(-4000,5650)
(-4000,5652)
(-3998,5661)
(-3991,5673)
(-3988,5687)
(-3982,5690)
(-3984,5702)
(-3987,5712)
(-3987,5715)
(-3984,5714)
(-3975,5704)
(-3973,5704)
(-3972,5706)
(-3974,5717)
(-3973,5724)
(-3976,5730)
(-3984,5742)
(-3988,5747)
(-3992,5749)
(-3995,5746)
(-3996,5748)
(-3995,5779)
(-3994,5786)
(-3995,5797)
(-3994,5809)
(-3989,5823)
(-3990,5838)
(-3992,5841)
(-3993,5849)
(-3991,5853)
(-3991,5866)
(-3993,5871)
(-3995,5873)
(-3990,5886)
(-3987,5899)
(-3986,5908)
(-3987,5919)
(-3983,5920)
(-3981,5922)
(-3983,5934)
(-3982,5940)
(-3978,5939)
(-3977,5943)
(-3975,5942)
(-3954,5927)
(-3948,5925)
(-3947,5933)
(-3948,5940)
(-3949,5947)
(-3948,5955)
(-3948,5958)
(-3949,5961)
(-3956,5966)
(-3959,5973)
(-3957,5974)
(-3954,5973)
(-3949,5977)
(-3945,5971)
(-3945,5973)
(-3944,5983)
(-3941,5994)
(-3939,6002)
(-3941,6015)
(-3942,6017)
(-3950,6018)
(-3961,6016)
(-3965,6019)
(-3969,6019)
(-3969,6025)
(-3971,6027)
(-3968,6037)
(-3965,6062)
(-3966,6066)
(-3968,6059)
(-3969,6050)
(-3971,6048)
(-3973,6051)
(-3972,6054)
(-3973,6058)
(-3974,6061)
(-3969,6078)
(-3966,6077)
(-3965,6072)
(-3965,6079)
(-3963,6084)
(-3962,6077)
(-3961,6061)
(-3960,6063)
(-3959,6079)
(-3957,6093)
(-3958,6108)
(-3958,6127)
(-3956,6148)
(-3952,6158)
(-3951,6166)
(-3951,6170)
(-3955,6190)
(-3954,6193)
(-3955,6200)
(-3957,6206)
(-3959,6217)
(-3958,6226)
(-3950,6230)
(-3948,6237)
(-3948,6240)
(-3950,6245)
(-3952,6246)
(-3956,6237)
(-3957,6237)
(-3959,6250)
(-3960,6261)
(-3961,6269)
(-3966,6281)
(-3966,6293)
(-3967,6299)
(-3971,6321)
(-3972,6329)
(-3975,6338)
(-3976,6353)
(-3980,6370)
(-3984,6396)
(-3986,6404)
(-3987,6412)
(-3987,6429)
(-3990,6445)
(-3993,6452)
(-3994,6468)
(-3995,6475)
(-3995,6483)
(-3997,6491)
(-4002,6499)
(-4003,6505)
(-4005,6507)
(-4006,6516)
(-4015,6528)
(-4015,6532)
(-4013,6539)
(-4014,6550)
(-4012,6552)
(-4013,6556)
(-4013,6560)
(-4012,6560)
(-4010,6553)
(-4009,6551)
(-4005,6557)
(-4003,6557)
(-4000,6560)
(-4000,6570)
(-3997,6567)
(-3996,6568)
(-3996,6575)
(-3994,6589)
(-3995,6594)
(-3997,6600)
(-3997,6615)
(-3996,6616)
(-3995,6612)
(-3994,6612)
(-3990,6622)
(-3990,6626)
(-3991,6629)
(-3992,6632)
(-3987,6636)
(-3984,6641)
(-3982,6633)
(-3978,6633)
(-3964,6653)
(-3958,6681)
(-3953,6726)
(-3952,6750)
(-3947,6776)
(-3943,6790)
(-3943,6804)
(-3944,6810)
(-3951,6819)
(-3953,6825)
(-3961,6840)
(-3962,6847)
(-3970,6862)
(-3972,6872)
(-3973,6872)
(-3974,6867)
(-3976,6866)
(-3979,6874)
(-3986,6870)
(-3988,6871)
(-3987,6883)
(-3988,6887)
(-3992,6889)
(-3988,6897)
(-3988,6910)
(-3987,6911)
(-3984,6921)
(-3982,6932)
(-3981,6955)
(-3982,6971)
(-3983,6976)
(-3987,6981)
(-3988,6987)
(-3993,6996)
(-3994,7004)
(-3998,7006)
(-4007,7014)
(-4010,7015)
(-4016,7044)
(-4017,7056)
(-4019,7066)
(-4017,7077)
(-4018,7084)
(-4019,7099)
(-4018,7102)
(-4014,7108)
(-4013,7118)
(-4015,7133)
(-4015,7157)
(-4016,7170)
(-4013,7184)
(-4011,7204)
(-4010,7230)
(-4008,7237)
(-4009,7244)
(-4010,7248)
(-4009,7254)
(-4010,7261)
(-4001,7279)
(-4000,7294)
(-3998,7300)
(-3993,7327)
(-3997,7347)
(-3997,7363)
(-4000,7381)
(-4001,7383)
(-4006,7380)
(-4007,7381)
(-4007,7388)
(-4003,7394)
(-4003,7398)
(-4005,7402)
(-4006,7415)
(-4005,7420)
(-4002,7418)
(-4001,7420)
(-4001,7429)
(-3997,7436)
(-3995,7447)
(-3991,7457)
(-3990,7464)
(-3990,7470)
(-3991,7477)
(-3996,7488)
(-3996,7495)
(-4002,7497)
(-4003,7501)
(-4001,7504)
(-3999,7502)
(-3996,7504)
(-3995,7508)
(-3996,7511)
(-3998,7514)
(-4000,7518)
(-3999,7522)
(-3997,7523)
(-3994,7519)
(-3995,7527)
(-3989,7529)
(-3984,7537)
(-3978,7555)
(-3976,7575)
(-3977,7583)
(-3984,7593)
(-3985,7599)
(-3987,7605)
(-3987,7615)
(-3989,7618)
(-3991,7624)
(-3992,7634)
(-3993,7648)
(-3994,7652)
(-3997,7657)
(-4002,7659)
(-4005,7665)
(-4010,7668)
(-4019,7679)
(-4022,7697)
(-4021,7705)
(-4021,7715)
(-4021,7717)
(-4019,7719)
(-4018,7727)
(-4019,7744)
(-4021,7755)
(-4022,7762)
(-4021,7766)
(-4018,7774)
(-4010,7784)
(-4008,7784)
(-4006,7787)
(-4002,7788)
(-3999,7782)
(-3994,7783)
(-3992,7785)
(-3987,7792)
(-3981,7797)
(-3974,7816)
(-3974,7824)
(-3972,7833)
(-3973,7846)
(-3972,7849)
(-3968,7849)
(-3968,7851)
(-3968,7866)
(-3971,7884)
(-3972,7918)
(-3969,7934)
(-3968,7951)
(-3970,7960)
(-3970,7971)
(-3968,7982)
(-3966,7989)
(-3964,8009)
(-3964,8016)
(-3965,8019)
(-3966,8031)
(-3968,8036)
(-3971,8039)
(-3973,8050)
(-3972,8053)
(-3968,8058)
(-3963,8079)
(-3964,8087)
(-3966,8098)
(-3966,8104)
(-3961,8124)
(-3962,8130)
(-3964,8134)
(-3964,8141)
(-3966,8148)
(-3970,8155)
(-3970,8160)
(-3972,8162)
(-3975,8173)
(-3977,8176)
(-3977,8182)
(-3982,8190)
(-3981,8201)
(-3980,8205)
(-3978,8219)
(-3981,8243)
(-3980,8248)
(-3982,8258)
(-3982,8264)
(-3984,8268)
(-3985,8274)
(-3988,8285)
(-3988,8297)
(-3990,8300)
(-3992,8308)
(-3990,8321)
(-3993,8326)
(-3992,8339)
(-3993,8346)
(-3992,8360)
(-3995,8373)
(-3995,8380)
(-3996,8382)
(-3997,8387)
(-3999,8395)
(-3999,8406)
(-4000,8410)
(-4003,8411)
(-4004,8414)
(-4004,8457)
(-4006,8465)
(-4005,8469)
(-4010,8481)
(-4010,8484)
(-4008,8486)
(-4007,8491)
(-4006,8502)
(-4006,8517)
(-4008,8529)
(-4011,8535)
(-4017,8542)
(-4019,8548)
(-4020,8554)
(-4020,8573)
(-4019,8579)
(-4011,8597)
(-4011,8604)
(-4014,8623)
(-4018,8628)
(-4023,8628)
(-4026,8633)
(-4024,8645)
(-4020,8658)
(-4021,8667)
(-4025,8673)
(-4030,8676)
(-4033,8674)
(-4035,8675)
(-4034,8679)
(-4029,8689)
(-4026,8701)
(-4023,8708)
(-4021,8722)
(-4022,8724)
(-4026,8722)
(-4027,8724)
(-4029,8747)
(-4032,8750)
(-4040,8736)
(-4046,8730)
(-4052,8720)
(-4057,8715)
(-4059,8742)
(-4057,8762)
(-4057,8768)
(-4059,8777)
(-4063,8782)
(-4063,8795)
(-4069,8800)
(-4071,8813)
(-4076,8819)
(-4080,8842)
(-4081,8857)
(-4079,8876)
(-4080,8889)
(-4086,8899)
(-4094,8905)
(-4096,8903)
(-4094,8892)
(-4096,8881)
(-4097,8875)
(-4102,8877)
(-4104,8882)
(-4106,8908)
(-4105,8916)
(-4104,8920)
(-4102,8929)
(-4101,8943)
(-4099,8951)
(-4100,8963)
(-4103,8976)
(-4104,8990)
(-4107,8988)
(-4108,8990)
(-4108,8994)
(-4103,9032)
(-4101,9067)
(-4101,9069)
(-4103,9071)
(-4107,9069)
(-4111,9064)
(-4120,9059)
(-4125,9076)
(-4131,9092)
(-4132,9100)
(-4131,9102)
(-4129,9111)
(-4127,9129)
(-4129,9161)
(-4132,9173)
(-4133,9184)
(-4129,9207)
(-4127,9211)
(-4129,9220)
(-4127,9239)
(-4126,9241)
(-4122,9242)
(-4119,9240)
(-4118,9238)
(-4116,9228)
(-4114,9225)
(-4111,9225)
(-4111,9235)
(-4110,9237)
(-4109,9236)
(-4106,9224)
(-4103,9221)
(-4100,9222)
(-4099,9229)
(-4105,9249)
(-4110,9255)
(-4112,9263)
(-4110,9269)
(-4110,9274)
(-4113,9283)
(-4117,9287)
(-4117,9270)
(-4119,9273)
(-4122,9280)
(-4125,9277)
(-4126,9269)
(-4127,9268)
(-4136,9283)
(-4140,9294)
(-4146,9293)
(-4149,9287)
(-4151,9298)
(-4151,9312)
(-4149,9312)
(-4146,9315)
(-4143,9326)
(-4144,9330)
(-4150,9338)
(-4150,9341)
(-4147,9341)
(-4151,9352)
(-4151,9361)
(-4149,9363)
(-4147,9367)
(-4145,9363)
(-4142,9363)
(-4140,9363)
(-4139,9366)
(-4141,9391)
(-4152,9414)
(-4149,9418)
(-4151,9421)
(-4149,9424)
(-4149,9432)
(-4144,9430)
(-4142,9433)
(-4144,9440)
(-4150,9446)
(-4151,9451)
(-4149,9458)
(-4150,9472)
(-4148,9475)
(-4153,9497)
(-4161,9508)
(-4161,9516)
(-4160,9520)
(-4160,9531)
(-4161,9536)
(-4163,9540)
(-4161,9540)
(-4159,9539)
(-4158,9541)
(-4161,9548)
(-4164,9550)
(-4167,9561)
(-4171,9572)
(-4173,9587)
(-4182,9608)
(-4187,9622)
(-4189,9625)
(-4192,9623)
(-4193,9633)
(-4196,9640)
(-4198,9639)
(-4198,9628)
(-4200,9625)
(-4202,9629)
(-4206,9649)
(-4216,9663)
(-4213,9697)
(-4213,9701)
(-4216,9703)
(-4218,9708)
(-4220,9708)
(-4222,9711)
(-4221,9714)
(-4219,9713)
(-4213,9720)
(-4213,9723)
(-4216,9724)
(-4217,9721)
(-4223,9719)
(-4226,9722)
(-4222,9726)
(-4218,9732)
(-4216,9751)
(-4217,9765)
(-4218,9768)
(-4223,9772)
(-4225,9778)
(-4226,9775)
(-4228,9778)
(-4231,9780)
(-4232,9790)
(-4237,9792)
(-4240,9811)
(-4240,9816)
(-4238,9827)
(-4234,9816)
(-4233,9819)
(-4232,9818)
(-4230,9811)
(-4228,9811)
(-4228,9813)
(-4229,9819)
(-4232,9823)
(-4232,9830)
(-4231,9834)
(-4232,9836)
(-4232,9839)
(-4229,9846)
(-4229,9862)
(-4230,9879)
(-4233,9884)
(-4233,9894)
(-4235,9897)
(-4233,9909)
(-4234,9923)
(-4235,9930)
(-4239,9938)
(-4241,9948)
(-4243,9948)
(-4238,9965)
(-4236,9979)
(-4237,10006)
(-4238,10010)
(-4242,10014)
(-4242,10003)
(-4240,9996)
(-4242,9988)
(-4246,9996)
(-4247,10004)
(-4246,10008)
(-4246,10019)
(-4244,10032)
(-4245,10043)
(-4244,10049)
(-4246,10063)
(-4248,10068)
(-4252,10075)
(-4256,10074)
(-4257,10067)
(-4259,10070)
(-4265,10089)
(-4269,10094)
(-4270,10100)
(-4271,10108)
(-4274,10135)
(-4275,10135)
(-4277,10142)
(-4279,10143)
(-4281,10154)
(-4285,10153)
(-4286,10155)
(-4285,10168)
(-4286,10173)
(-4289,10174)
(-4290,10179)
(-4290,10192)
(-4294,10196)
(-4294,10201)
(-4297,10206)
(-4299,10215)
(-4299,10218)
(-4296,10216)
(-4294,10220)
(-4292,10220)
(-4289,10226)
(-4286,10220)
(-4277,10213)
(-4278,10218)
(-4281,10227)
(-4290,10235)
(-4300,10248)
(-4305,10250)
(-4312,10260)
(-4318,10247)
(-4318,10237)
(-4322,10223)
(-4320,10215)
(-4323,10212)
(-4324,10203)
(-4328,10205)
(-4331,10199)
(-4337,10204)
(-4339,10201)
(-4341,10201)
(-4343,10192)
(-4344,10201)
(-4343,10205)
(-4339,10212)
(-4338,10217)
(-4343,10219)
(-4349,10221)
(-4355,10219)
(-4357,10214)
(-4356,10208)
(-4356,10203)
(-4361,10212)
(-4362,10201)
(-4372,10194)
(-4377,10182)
(-4382,10183)
(-4384,10178)
(-4386,10171)
(-4385,10156)
(-4389,10155)
(-4392,10159)
(-4395,10156)
(-4395,10151)
(-4395,10141)
(-4395,10140)
(-4398,10146)
(-4400,10146)
(-4402,10143)
(-4406,10152)
(-4408,10150)
(-4410,10140)
(-4408,10133)
(-4403,10117)
(-4408,10115)
(-4411,10112)
(-4413,10103)
(-4410,10096)
(-4403,10086)
(-4405,10071)
(-4408,10065)
(-4410,10064)
(-4411,10057)
(-4413,10053)
(-4415,10039)
(-4414,10031)
(-4415,10020)
(-4419,10024)
(-4420,10014)
(-4424,10000)
(-4426,9989)
(-4423,9977)
(-4424,9970)
(-4428,9971)
(-4428,9956)
(-4429,9949)
(-4431,9955)
(-4433,9968)
(-4435,9977)
(-4436,9973)
(-4435,9969)
(-4433,9952)
(-4436,9944)
(-4439,9973)
(-4440,9976)
(-4444,9979)
(-4445,9967)
(-4444,9955)
(-4441,9919)
(-4443,9907)
(-4450,9907)
(-4450,9902)
(-4446,9894)
(-4449,9889)
(-4451,9890)
(-4455,9906)
(-4458,9904)
(-4461,9907)
(-4463,9913)
(-4468,9922)
(-4470,9934)
(-4472,9931)
(-4477,9932)
(-4478,9929)
(-4478,9923)
(-4474,9919)
(-4473,9915)
(-4475,9895)
(-4475,9871)
(-4482,9877)
(-4479,9860)
(-4479,9854)
(-4480,9853)
(-4484,9857)
(-4486,9851)
(-4487,9841)
(-4488,9845)
(-4489,9846)
(-4494,9836)
(-4494,9833)
(-4491,9837)
(-4489,9832)
(-4486,9830)
(-4485,9802)
(-4481,9789)
(-4482,9783)
(-4478,9777)
(-4479,9772)
(-4484,9768)
(-4485,9758)
(-4487,9752)
(-4490,9735)
(-4494,9743)
(-4496,9752)
(-4500,9750)
(-4501,9759)
(-4503,9762)
(-4506,9763)
(-4507,9754)
(-4510,9764)
(-4512,9767)
(-4513,9795)
(-4516,9817)
(-4515,9856)
(-4521,9868)
(-4526,9863)
(-4526,9870)
(-4523,9881)
(-4524,9888)
(-4525,9889)
(-4534,9886)
(-4531,9854)
(-4530,9827)
(-4528,9793)
(-4528,9776)
(-4534,9786)
(-4542,9775)
(-4545,9786)
(-4547,9784)
(-4547,9776)
(-4550,9778)
(-4554,9773)
(-4556,9785)
(-4557,9787)
(-4557,9782)
(-4557,9770)
(-4565,9766)
(-4566,9753)
(-4567,9758)
(-4567,9756)
(-4566,9748)
(-4566,9746)
(-4569,9754)
(-4569,9775)
(-4572,9772)
(-4573,9760)
(-4574,9770)
(-4575,9773)
(-4580,9767)
(-4586,9777)
(-4591,9771)
(-4593,9766)
(-4593,9773)
(-4595,9776)
(-4596,9762)
(-4597,9757)
(-4599,9761)
(-4602,9780)
(-4604,9784)
(-4605,9780)
(-4611,9774)
(-4611,9758)
(-4615,9754)
(-4617,9740)
(-4618,9750)
(-4620,9746)
(-4619,9758)
(-4619,9762)
(-4621,9762)
(-4622,9790)
(-4623,9795)
(-4625,9793)
(-4628,9803)
(-4629,9802)
(-4635,9813)
(-4642,9818)
(-4645,9830)
(-4648,9834)
(-4650,9832)
(-4653,9816)
(-4657,9825)
(-4660,9815)
(-4662,9816)
(-4661,9832)
(-4659,9844)
(-4659,9858)
(-4662,9868)
(-4664,9874)
(-4669,9869)
(-4674,9876)
(-4680,9874)
(-4681,9868)
(-4685,9867)
(-4687,9854)
(-4689,9852)
(-4688,9869)
(-4685,9876)
(-4682,9896)
(-4686,9900)
(-4688,9895)
(-4695,9897)
(-4692,9912)
(-4689,9909)
(-4684,9923)
(-4680,9930)
(-4684,9942)
(-4688,9937)
(-4691,9927)
(-4698,9947)
(-4704,9941)
(-4707,9964)
(-4709,9987)
(-4709,10016)
(-4710,10025)
(-4712,10032)
(-4717,10037)
(-4720,10033)
(-4721,10018)
(-4721,10014)
(-4720,10015)
(-4719,10020)
(-4716,10018)
(-4713,9999)
(-4711,9971)
(-4712,9954)
(-4715,9929)
(-4714,9890)
(-4714,9868)
(-4715,9859)
(-4716,9851)
(-4719,9842)
(-4720,9843)
(-4721,9839)
(-4722,9813)
(-4726,9801)
(-4728,9785)
(-4729,9773)
(-4736,9770)
(-4737,9767)
(-4736,9753)
(-4733,9751)
(-4731,9744)
(-4732,9707)
(-4738,9705)
(-4739,9675)
(-4742,9664)
(-4743,9655)
(-4740,9627)
(-4736,9609)
(-4736,9600)
(-4739,9591)
(-4741,9591)
(-4746,9616)
(-4748,9628)
(-4756,9631)
(-4758,9617)
(-4760,9631)
(-4762,9630)
(-4766,9640)
(-4767,9632)
(-4771,9626)
(-4774,9605)
(-4780,9605)
(-4785,9588)
(-4788,9585)
(-4792,9571)
(-4793,9555)
(-4794,9552)
(-4796,9559)
(-4795,9600)
(-4792,9622)
(-4793,9628)
(-4796,9635)
(-4799,9629)
(-4803,9631)
(-4803,9617)
(-4806,9616)
(-4810,9565)
(-4814,9550)
(-4818,9563)
(-4825,9572)
(-4824,9589)
(-4824,9608)
(-4822,9647)
(-4822,9656)
(-4828,9663)
(-4831,9659)
(-4831,9644)
(-4832,9639)
(-4834,9616)
(-4833,9608)
(-4832,9608)
(-4832,9604)
(-4834,9587)
(-4836,9595)
(-4839,9612)
(-4838,9637)
(-4835,9655)
(-4838,9662)
(-4838,9673)
(-4841,9674)
(-4841,9663)
(-4843,9652)
(-4845,9649)
(-4845,9642)
(-4847,9644)
(-4847,9627)
(-4846,9617)
(-4847,9603)
(-4849,9604)
(-4850,9622)
(-4852,9626)
(-4852,9637)
(-4854,9635)
(-4854,9654)
(-4857,9633)
(-4863,9642)
(-4865,9654)
(-4866,9651)
(-4867,9637)
(-4870,9648)
(-4872,9639)
(-4873,9646)
(-4873,9663)
(-4875,9662)
(-4874,9698)
(-4872,9726)
(-4874,9736)
(-4879,9732)
(-4883,9692)
(-4888,9690)
(-4891,9677)
(-4892,9651)
(-4893,9648)
(-4896,9661)
(-4894,9689)
(-4896,9711)
(-4898,9715)
(-4900,9743)
(-4905,9747)
(-4907,9742)
(-4910,9776)
(-4913,9778)
(-4914,9770)
(-4916,9778)
(-4917,9796)
(-4919,9798)
(-4921,9812)
(-4923,9811)
(-4923,9820)
(-4924,9828)
(-4931,9836)
(-4933,9832)
(-4935,9809)
(-4940,9801)
(-4943,9809)
(-4944,9818)
(-4943,9850)
(-4941,9886)
(-4943,9902)
(-4946,9926)
(-4951,9932)
(-4954,9919)
(-4957,9942)
(-4958,9971)
(-4960,9992)
(-4966,9983)
(-4966,9996)
(-4964,10011)
(-4966,10038)
(-4968,10046)
(-4969,10038)
(-4970,10015)
(-4971,10010)
(-4973,10018)
(-4975,10037)
(-4977,10023)
(-4978,10023)
(-4979,10045)
(-4980,10052)
(-4983,10049)
(-4983,10062)
(-4980,10070)
(-4979,10082)
(-4979,10097)
(-4981,10113)
(-4983,10110)
(-4986,10121)
(-4990,10127)
(-4995,10115)
(-4997,10128)
(-5000,10142)
(-5000,10161)
(-5002,10173)
(-5003,10199)
(-5006,10217)
(-5007,10247)
(-5010,10253)
(-5008,10270)
(-5009,10282)
(-5013,10294)
(-5021,10338)
(-5024,10397)
(-5026,10406)
(-5028,10402)
(-5031,10427)
(-5029,10475)
(-5029,10493)
(-5031,10503)
(-5034,10512)
(-5036,10506)
(-5037,10519)
(-5037,10544)
(-5040,10590)
(-5044,10622)
(-5044,10652)
(-5045,10680)
(-5048,10697)
(-5047,10723)
(-5048,10749)
(-5053,10779)
(-5054,10781)
(-5057,10764)
(-5060,10784)
(-5400,10800)