1167
(209,1852)
(211,1851)
(214,1851)
(217,1848)
(220,1847)
(221,1846)
(218,1844)
(219,1841)
(217,1838)
(217,1834)
(222,1835)
(232,1833)
(232,1832)
(232,1829)
(233,1825)
(236,1820)
(238,1817)
(238,1813)
(240,1812)
(243,1809)
(246,1809)
(248,1804)
(252,1802)
(254,1799)
(255,1797)
(258,1797)
(261,1794)
(261,1790)
(263,1788)
(269,1788)
(272,1788)
(274,1789)
(275,1784)
(277,1782)
(279,1779)
(279,1777)
(279,1775)
(280,1773)
(279,1772)
(281,1770)
(281,1769)
(280,1768)
(275,1768)
(274,1766)
(272,1766)
(269,1764)
(268,1761)
(263,1759)
(263,1755)
(261,1755)
(261,1752)
(266,1747)
(266,1744)
(267,1744)
(268,1742)
(269,1742)
(270,1740)
(269,1739)
(269,1729)
(270,1728)
(271,1728)
(274,1727)
(272,1725)
(272,1723)
(265,1719)
(265,1716)
(262,1714)
(262,1710)
(259,1708)
(257,1707)
(257,1702)
(261,1700)
(261,1696)
(261,1692)
(263,1690)
(264,1688)
(265,1688)
(266,1688)
(267,1687)
(265,1684)
(269,1682)
(274,1682)
(273,1678)
(275,1677)
(273,1676)
(273,1672)
(276,1669)
(276,1667)
(280,1666)
(283,1667)
(287,1666)
(287,1662)
(290,1662)
(294,1660)
(294,1655)
(296,1652)
(298,1651)
(301,1647)
(301,1647)
(302,1649)
(305,1649)
(308,1647)
(316,1639)
(320,1638)
(325,1636)
(329,1636)
(333,1638)
(337,1634)
(340,1634)
(343,1632)
(347,1628)
(347,1625)
(351,1621)
(353,1615)
(359,1610)
(360,1605)
(359,1600)
(362,1597)
(365,1595)
(364,1592)
(365,1590)
(366,1591)
(369,1595)
(372,1595)
(373,1592)
(377,1590)
(377,1585)
(379,1584)
(380,1581)
(382,1580)
(385,1580)
(388,1579)
(391,1582)
(394,1581)
(396,1582)
(397,1585)
(399,1585)
(400,1581)
(402,1577)
(412,1568)
(415,1564)
(419,1562)
(421,1558)
(425,1555)
(426,1550)
(430,1546)
(430,1541)
(433,1538)
(435,1534)
(436,1529)
(441,1522)
(445,1521)
(448,1518)
(448,1515)
(450,1512)
(456,1513)
(461,1518)
(467,1517)
(472,1513)
(474,1511)
(474,1509)
(474,1505)
(476,1503)
(478,1498)
(481,1496)
(482,1494)
(490,1491)
(491,1486)
(492,1484)
(493,1478)
(492,1472)
(494,1469)
(496,1468)
(496,1464)
(495,1461)
(496,1459)
(497,1454)
(499,1451)
(503,1449)
(508,1450)
(513,1454)
(515,1456)
(518,1454)
(520,1455)
(522,1455)
(521,1452)
(522,1450)
(521,1448)
(522,1441)
(522,1440)
(522,1438)
(523,1436)
(522,1433)
(524,1429)
(522,1424)
(523,1420)
(524,1418)
(523,1411)
(527,1410)
(534,1415)
(540,1415)
(540,1414)
(538,1412)
(538,1410)
(539,1408)
(541,1407)
(550,1410)
(551,1414)
(557,1419)
(560,1418)
(566,1420)
(567,1418)
(571,1418)
(572,1417)
(574,1418)
(576,1420)
(580,1422)
(583,1421)
(586,1421)
(590,1420)
(592,1420)
(595,1418)
(599,1416)
(602,1414)
(604,1413)
(607,1411)
(609,1410)
(612,1408)
(615,1406)
(617,1405)
(620,1403)
(622,1402)
(625,1400)
(628,1398)
(629,1395)
(637,1388)
(642,1381)
(653,1373)
(657,1366)
(657,1366)
(656,1367)
(655,1372)
(657,1373)
(673,1378)
(677,1378)
(679,1377)
(685,1376)
(684,1367)
(685,1367)
(688,1367)
(691,1359)
(698,1354)
(700,1353)
(709,1355)
(720,1357)
(724,1358)
(725,1358)
(724,1357)
(725,1355)
(724,1353)
(722,1349)
(723,1349)
(731,1350)
(741,1346)
(744,1346)
(748,1343)
(749,1345)
(757,1348)
(760,1340)
(765,1333)
(759,1328)
(758,1323)
(759,1317)
(761,1314)
(768,1310)
(778,1314)
(781,1316)
(783,1317)
(788,1321)
(791,1330)
(801,1338)
(803,1338)
(809,1334)
(814,1333)
(818,1329)
(820,1328)
(824,1328)
(827,1325)
(838,1334)
(841,1339)
(841,1341)
(843,1344)
(843,1346)
(846,1349)
(848,1353)
(850,1354)
(854,1353)
(855,1348)
(857,1347)
(859,1346)
(861,1348)
(863,1347)
(869,1347)
(871,1343)
(874,1343)
(876,1344)
(878,1348)
(881,1362)
(886,1361)
(892,1360)
(894,1364)
(899,1365)
(905,1371)
(907,1376)
(909,1377)
(913,1379)
(922,1380)
(925,1379)
(929,1375)
(933,1376)
(936,1381)
(943,1387)
(941,1401)
(943,1407)
(946,1417)
(945,1427)
(942,1440)
(946,1440)
(950,1440)
(953,1440)
(956,1440)
(960,1440)
(964,1440)
(968,1440)
(972,1440)
(976,1440)
(980,1440)
(984,1440)
(988,1440)
(992,1440)
(995,1440)
(999,1440)
(1004,1440)
(1007,1440)
(1010,1440)
(1014,1440)
(1017,1440)
(1021,1440)
(1024,1440)
(1028,1440)
(1032,1440)
(1035,1440)
(1038,1440)
(1041,1440)
(1046,1440)
(1049,1440)
(1052,1440)
(1056,1440)
(1060,1440)
(1064,1440)
(1067,1440)
(1072,1440)
(1076,1440)
(1079,1440)
(1082,1440)
(1085,1440)
(1090,1440)
(1094,1440)
(1098,1440)
(1102,1440)
(1106,1440)
(1110,1440)
(1114,1440)
(1117,1440)
(1121,1440)
(1126,1440)
(1130,1440)
(1134,1440)
(1138,1440)
(1142,1440)
(1146,1440)
(1150,1440)
(1154,1440)
(1158,1440)
(1162,1440)
(1166,1440)
(1170,1440)
(1170,1440)
(1170,1440)
(1174,1440)
(1177,1440)
(1180,1440)
(1184,1440)
(1187,1440)
(1190,1440)
(1194,1440)
(1197,1440)
(1200,1440)
(1200,1441)
(1200,1445)
(1200,1448)
(1200,1452)
(1200,1455)
(1200,1458)
(1200,1462)
(1200,1465)
(1200,1469)
(1200,1472)
(1200,1476)
(1200,1479)
(1200,1483)
(1200,1486)
(1200,1490)
(1200,1493)
(1200,1497)
(1200,1500)
(1204,1500)
(1207,1500)
(1211,1500)
(1214,1500)
(1217,1500)
(1220,1500)
(1224,1500)
(1227,1500)
(1230,1500)
(1234,1500)
(1237,1500)
(1240,1500)
(1244,1500)
(1247,1500)
(1250,1500)
(1254,1500)
(1257,1500)
(1260,1500)
(1264,1500)
(1267,1500)
(1270,1500)
(1273,1500)
(1277,1500)
(1280,1500)
(1283,1500)
(1287,1500)
(1290,1500)
(1293,1500)
(1297,1500)
(1300,1500)
(1303,1500)
(1307,1500)
(1310,1500)
(1313,1500)
(1317,1500)
(1320,1500)
(1320,1500)
(1320,1504)
(1320,1507)
(1320,1511)
(1320,1514)
(1320,1518)
(1320,1521)
(1320,1525)
(1320,1528)
(1320,1532)
(1320,1535)
(1320,1539)
(1320,1543)
(1320,1546)
(1320,1549)
(1320,1553)
(1320,1557)
(1320,1560)
(1320,1564)
(1320,1568)
(1320,1571)
(1320,1575)
(1320,1578)
(1320,1582)
(1320,1585)
(1320,1589)
(1320,1592)
(1320,1596)
(1320,1599)
(1320,1603)
(1320,1606)
(1320,1610)
(1320,1613)
(1320,1617)
(1320,1620)
(1320,1624)
(1320,1627)
(1320,1631)
(1320,1634)
(1320,1638)
(1320,1641)
(1320,1645)
(1320,1648)
(1320,1652)
(1320,1655)
(1320,1658)
(1320,1662)
(1320,1665)
(1320,1669)
(1320,1672)
(1320,1676)
(1320,1679)
(1320,1683)
(1320,1686)
(1320,1690)
(1320,1693)
(1320,1696)
(1320,1700)
(1320,1704)
(1320,1707)
(1320,1711)
(1320,1714)
(1320,1717)
(1320,1721)
(1320,1724)
(1320,1728)
(1320,1731)
(1320,1735)
(1320,1738)
(1320,1740)
(1320,1743)
(1320,1747)
(1320,1750)
(1320,1754)
(1320,1757)
(1320,1761)
(1320,1764)
(1320,1767)
(1320,1771)
(1320,1774)
(1320,1778)
(1320,1781)
(1320,1784)
(1320,1788)
(1320,1791)
(1320,1795)
(1320,1798)
(1320,1801)
(1320,1805)
(1320,1808)
(1320,1812)
(1320,1815)
(1320,1818)
(1320,1822)
(1320,1825)
(1320,1829)
(1320,1832)
(1320,1836)
(1320,1839)
(1320,1842)
(1320,1846)
(1320,1849)
(1320,1853)
(1320,1856)
(1320,1859)
(1320,1863)
(1320,1866)
(1320,1870)
(1320,1873)
(1320,1876)
(1323,1878)
(1326,1880)
(1330,1882)
(1332,1883)
(1334,1886)
(1334,1888)
(1332,1886)
(1329,1883)
(1328,1881)
(1326,1882)
(1322,1881)
(1318,1881)
(1315,1879)
(1311,1874)
(1309,1873)
(1309,1871)
(1308,1872)
(1306,1870)
(1304,1871)
(1299,1870)
(1296,1866)
(1290,1862)
(1291,1864)
(1297,1868)
(1297,1871)
(1302,1872)
(1303,1873)
(1305,1873)
(1306,1873)
(1306,1875)
(1307,1876)
(1306,1878)
(1315,1883)
(1324,1884)
(1328,1886)
(1328,1888)
(1331,1890)
(1329,1891)
(1326,1889)
(1323,1888)
(1320,1888)
(1320,1891)
(1320,1895)
(1320,1898)
(1320,1901)
(1320,1905)
(1320,1908)
(1320,1912)
(1320,1915)
(1320,1919)
(1320,1922)
(1320,1925)
(1320,1929)
(1320,1932)
(1320,1935)
(1320,1939)
(1320,1942)
(1320,1945)
(1320,1949)
(1320,1952)
(1320,1956)
(1320,1959)
(1320,1962)
(1320,1966)
(1320,1969)
(1320,1972)
(1320,1976)
(1320,1979)
(1320,1982)
(1320,1986)
(1320,1990)
(1319,1991)
(1318,1994)
(1315,1997)
(1313,2001)
(1311,2004)
(1308,2008)
(1306,2011)
(1303,2014)
(1304,2018)
(1304,2021)
(1304,2025)
(1305,2029)
(1305,2032)
(1305,2036)
(1306,2041)
(1309,2042)
(1313,2043)
(1316,2045)
(1319,2046)
(1322,2047)
(1325,2048)
(1329,2049)
(1332,2050)
(1332,2054)
(1333,2058)
(1334,2061)
(1334,2065)
(1335,2068)
(1335,2072)
(1336,2076)
(1337,2079)
(1337,2083)
(1341,2084)
(1344,2086)
(1347,2087)
(1350,2089)
(1353,2090)
(1357,2092)
(1360,2093)
(1363,2094)
(1366,2096)
(1371,2098)
(1370,2102)
(1369,2105)
(1368,2109)
(1366,2114)
(1369,2116)
(1371,2119)
(1373,2121)
(1375,2124)
(1378,2126)
(1380,2129)
(1382,2131)
(1385,2134)
(1388,2137)
(1388,2137)
(1385,2141)
(1382,2142)
(1379,2142)
(1379,2143)
(1376,2144)
(1375,2145)
(1374,2144)
(1373,2146)
(1374,2147)
(1371,2147)
(1373,2145)
(1371,2144)
(1370,2144)
(1370,2146)
(1368,2147)
(1369,2147)
(1370,2147)
(1369,2149)
(1365,2153)
(1360,2159)
(1361,2163)
(1360,2169)
(1358,2174)
(1355,2177)
(1350,2178)
(1348,2182)
(1346,2182)
(1339,2188)
(1337,2196)
(1331,2203)
(1331,2205)
(1330,2206)
(1328,2209)
(1322,2214)
(1321,2214)
(1320,2213)
(1318,2213)
(1318,2210)
(1316,2213)
(1313,2212)
(1311,2213)
(1310,2210)
(1309,2212)
(1309,2214)
(1306,2214)
(1305,2212)
(1305,2214)
(1298,2216)
(1297,2214)
(1296,2217)
(1295,2217)
(1294,2218)
(1292,2218)
(1289,2219)
(1288,2221)
(1276,2226)
(1268,2234)
(1264,2236)
(1262,2235)
(1261,2233)
(1264,2232)
(1265,2232)
(1263,2233)
(1268,2231)
(1268,2230)
(1272,2230)
(1272,2228)
(1270,2227)
(1269,2227)
(1265,2226)
(1264,2226)
(1264,2224)
(1262,2224)
(1261,2225)
(1259,2225)
(1252,2227)
(1243,2229)
(1241,2229)
(1238,2231)
(1232,2233)
(1228,2233)
(1227,2232)
(1228,2232)
(1228,2231)
(1226,2231)
(1223,2231)
(1221,2231)
(1212,2231)
(1203,2233)
(1202,2233)
(1202,2232)
(1200,2232)
(1190,2237)
(1186,2237)
(1186,2236)
(1181,2237)
(1181,2235)
(1177,2235)
(1178,2233)
(1176,2235)
(1173,2235)
(1169,2238)
(1163,2239)
(1159,2241)
(1151,2242)
(1143,2246)
(1140,2246)
(1137,2245)
(1135,2246)
(1131,2246)
(1128,2249)
(1123,2251)
(1123,2253)
(1123,2255)
(1123,2256)
(1124,2261)
(1122,2262)
(1122,2266)
(1119,2265)
(1117,2266)
(1119,2267)
(1121,2267)
(1120,2267)
(1117,2267)
(1112,2277)
(1105,2284)
(1102,2288)
(1098,2285)
(1098,2286)
(1097,2287)
(1094,2291)
(1094,2294)
(1095,2296)
(1097,2296)
(1098,2298)
(1097,2299)
(1097,2297)
(1095,2297)
(1094,2296)
(1093,2293)
(1093,2297)
(1091,2302)
(1092,2303)
(1093,2303)
(1093,2304)
(1091,2306)
(1090,2305)
(1089,2307)
(1088,2306)
(1087,2309)
(1088,2310)
(1084,2311)
(1086,2313)
(1087,2312)
(1084,2315)
(1082,2315)
(1081,2316)
(1081,2316)
(1072,2308)
(1060,2302)
(1056,2297)
(1053,2296)
(1052,2295)
(1053,2288)
(1050,2288)
(1049,2287)
(1050,2286)
(1053,2286)
(1053,2283)
(1050,2278)
(1047,2275)
(1047,2272)
(1049,2270)
(1049,2269)
(1048,2267)
(1043,2264)
(1040,2251)
(1039,2250)
(1035,2252)
(1032,2251)
(1026,2249)
(1024,2247)
(1022,2245)
(1024,2238)
(1021,2235)
(1022,2231)
(1021,2229)
(1023,2226)
(1024,2220)
(1023,2220)
(1020,2221)
(1017,2219)
(1015,2221)
(1012,2221)
(1011,2221)
(1003,2219)
(998,2215)
(996,2215)
(991,2214)
(989,2215)
(985,2217)
(981,2217)
(976,2218)
(973,2215)
(948,2206)
(945,2202)
(929,2198)
(927,2199)
(926,2197)
(914,2193)
(909,2187)
(905,2187)
(902,2187)
(899,2188)
(896,2188)
(893,2188)
(890,2189)
(887,2189)
(884,2189)
(880,2190)
(877,2190)
(874,2190)
(871,2190)
(868,2191)
(865,2191)
(862,2191)
(856,2193)
(854,2192)
(837,2187)
(830,2189)
(820,2185)
(816,2185)
(814,2184)
(802,2175)
(782,2170)
(779,2170)
(778,2169)
(775,2168)
(772,2170)
(762,2169)
(762,2166)
(763,2165)
(763,2162)
(763,2160)
(760,2142)
(757,2142)
(756,2141)
(756,2139)
(735,2126)
(732,2126)
(730,2123)
(725,2121)
(721,2120)
(719,2116)
(716,2116)
(714,2114)
(712,2108)
(710,2106)
(704,2103)
(699,2104)
(696,2106)
(693,2106)
(675,2098)
(674,2098)
(672,2100)
(657,2096)
(655,2099)
(652,2099)
(647,2092)
(644,2092)
(644,2089)
(641,2087)
(641,2086)
(645,2086)
(653,2076)
(647,2066)
(638,2061)
(633,2057)
(614,2061)
(610,2059)
(607,2059)
(602,2054)
(594,2052)
(585,2048)
(573,2045)
(568,2046)
(565,2046)
(562,2046)
(559,2046)
(556,2047)
(553,2047)
(550,2047)
(547,2047)
(544,2048)
(540,2048)
(537,2048)
(533,2048)
(530,2048)
(527,2048)
(524,2048)
(521,2048)
(518,2047)
(515,2047)
(506,2038)
(506,2031)
(505,2029)
(502,2027)
(503,2022)
(506,2020)
(508,2018)
(507,2015)
(509,2011)
(508,2010)
(507,2005)
(506,2003)
(508,1996)
(506,1994)
(506,1992)
(505,1993)
(504,1990)
(502,1990)
(500,1991)
(497,1990)
(495,1993)
(492,1990)
(488,1991)
(487,1990)
(486,1986)
(484,1986)
(480,1982)
(477,1981)
(476,1979)
(471,1981)
(467,1983)
(467,1987)
(468,1990)
(466,1995)
(465,1996)
(463,2000)
(464,2004)
(465,2008)
(463,2011)
(461,2013)
(461,2019)
(460,2021)
(459,2023)
(454,2027)
(452,2033)
(443,2042)
(435,2041)
(433,2044)
(430,2047)
(430,2051)
(427,2052)
(425,2052)
(423,2052)
(423,2053)
(421,2054)
(421,2056)
(418,2057)
(418,2062)
(415,2068)
(405,2072)
(404,2078)
(401,2082)
(398,2083)
(396,2086)
(390,2088)
(387,2088)
(381,2091)
(374,2092)
(372,2094)
(368,2095)
(364,2099)
(360,2099)
(357,2099)
(355,2100)
(353,2099)
(342,2106)
(338,2106)
(330,2117)
(329,2118)
(326,2116)
(322,2118)
(321,2121)
(326,2127)
(326,2130)
(325,2133)
(322,2136)
(323,2141)
(321,2145)
(319,2150)
(317,2148)
(314,2148)
(309,2150)
(305,2146)
(288,2146)
(277,2156)
(277,2156)
(277,2155)
(277,2152)
(277,2148)
(277,2145)
(277,2142)
(277,2139)
(277,2135)
(277,2132)
(277,2129)
(277,2125)
(277,2122)
(277,2119)
(277,2116)
(277,2112)
(277,2109)
(277,2106)
(277,2103)
(277,2099)
(277,2096)
(277,2093)
(277,2090)
(277,2086)
(277,2083)
(277,2080)
(277,2077)
(277,2073)
(277,2070)
(277,2067)
(277,2063)
(275,2061)
(272,2059)
(270,2057)
(268,2054)
(265,2052)
(263,2049)
(260,2047)
(258,2045)
(256,2042)
(253,2040)
(253,2040)
(251,2037)
(248,2035)
(246,2032)
(243,2030)
(241,2027)
(239,2025)
(236,2023)
(234,2020)
(232,2018)
(229,2015)
(227,2013)
(225,2011)
(225,2007)
(225,2004)
(226,2001)
(226,1998)
(226,1994)
(226,1991)
(233,1981)
(229,1974)
(225,1963)
(225,1944)
(217,1932)
(211,1932)
(212,1926)
(215,1924)
(216,1917)
(221,1916)
(228,1910)
(229,1908)
(223,1902)
(221,1894)
(219,1892)
(228,1877)
(228,1871)
(222,1862)
(221,1858)
(214,1853)
(209,1852)