1149
(861,6313)
(861,6311)
(859,6311)
(855,6309)
(853,6305)
(855,6302)
(859,6300)
(863,6300)
(865,6294)
(865,6291)
(867,6289)
(867,6288)
(865,6284)
(866,6283)
(864,6281)
(866,6279)
(862,6275)
(862,6273)
(863,6271)
(861,6268)
(862,6266)
(863,6260)
(865,6256)
(863,6253)
(863,6252)
(865,6252)
(862,6250)
(862,6249)
(863,6248)
(861,6242)
(862,6240)
(862,6237)
(861,6237)
(860,6235)
(861,6233)
(863,6231)
(862,6228)
(863,6222)
(866,6222)
(867,6220)
(865,6219)
(864,6217)
(866,6214)
(862,6208)
(864,6207)
(861,6204)
(861,6197)
(860,6194)
(860,6191)
(858,6186)
(854,6182)
(851,6177)
(848,6176)
(845,6174)
(841,6174)
(836,6167)
(826,6163)
(821,6154)
(819,6154)
(816,6157)
(816,6156)
(814,6152)
(814,6147)
(815,6142)
(813,6140)
(810,6142)
(797,6141)
(794,6142)
(787,6145)
(784,6148)
(781,6150)
(780,6151)
(779,6150)
(777,6150)
(776,6149)
(773,6151)
(771,6150)
(768,6152)
(765,6151)
(764,6150)
(760,6150)
(756,6158)
(753,6161)
(751,6163)
(748,6164)
(746,6167)
(744,6167)
(742,6164)
(730,6163)
(723,6167)
(719,6167)
(714,6170)
(710,6171)
(705,6175)
(699,6176)
(698,6175)
(705,6174)
(714,6166)
(717,6167)
(722,6166)
(729,6158)
(730,6159)
(732,6156)
(733,6156)
(732,6153)
(723,6155)
(723,6153)
(725,6153)
(727,6151)
(728,6148)
(729,6148)
(730,6144)
(731,6142)
(732,6140)
(731,6139)
(731,6138)
(732,6137)
(734,6137)
(737,6136)
(737,6137)
(737,6139)
(741,6142)
(742,6140)
(742,6139)
(741,6140)
(740,6141)
(739,6138)
(742,6136)
(745,6138)
(743,6136)
(745,6136)
(746,6136)
(745,6134)
(746,6133)
(746,6132)
(745,6133)
(744,6132)
(744,6134)
(742,6135)
(738,6137)
(738,6136)
(739,6134)
(744,6129)
(744,6127)
(746,6127)
(749,6124)
(750,6125)
(749,6126)
(751,6125)
(752,6127)
(752,6126)
(751,6125)
(752,6125)
(752,6126)
(752,6122)
(753,6122)
(754,6124)
(753,6120)
(753,6121)
(751,6122)
(751,6124)
(748,6123)
(751,6122)
(752,6119)
(752,6117)
(756,6117)
(755,6116)
(751,6117)
(754,6114)
(755,6115)
(756,6114)
(756,6113)
(759,6112)
(762,6105)
(762,6101)
(759,6099)
(759,6095)
(758,6094)
(758,6087)
(755,6085)
(759,6077)
(761,6065)
(758,6059)
(756,6058)
(757,6055)
(759,6056)
(759,6055)
(759,6052)
(760,6052)
(761,6051)
(762,6052)
(762,6050)
(764,6050)
(766,6052)
(766,6054)
(768,6055)
(772,6054)
(775,6052)
(776,6053)
(778,6054)
(779,6055)
(781,6056)
(783,6055)
(785,6053)
(792,6057)
(798,6055)
(800,6056)
(802,6059)
(807,6058)
(810,6060)
(808,6058)
(808,6055)
(811,6039)
(813,6035)
(816,6036)
(814,6035)
(812,6035)
(811,6034)
(809,6020)
(811,6016)
(809,6015)
(805,6003)
(802,6002)
(802,6000)
(802,6001)
(801,6001)
(798,5997)
(796,5998)
(793,6000)
(789,6004)
(785,6005)
(783,6006)
(777,6003)
(772,6002)
(765,5998)
(760,5998)
(757,5998)
(752,5999)
(748,5998)
(742,6001)
(736,5999)
(734,6001)
(731,6001)
(729,5999)
(725,5998)
(719,5992)
(713,5989)
(710,5990)
(709,5988)
(707,5989)
(706,5988)
(704,5989)
(704,5987)
(701,5984)
(691,5978)
(684,5977)
(679,5974)
(676,5974)
(673,5975)
(671,5975)
(671,5974)
(672,5973)
(671,5972)
(667,5969)
(664,5970)
(662,5971)
(657,5970)
(654,5971)
(652,5970)
(653,5969)
(652,5966)
(648,5966)
(642,5962)
(641,5962)
(640,5960)
(639,5959)
(633,5957)
(631,5954)
(630,5956)
(628,5954)
(627,5954)
(625,5957)
(622,5957)
(621,5954)
(622,5953)
(622,5949)
(618,5950)
(616,5951)
(615,5952)
(614,5953)
(614,5955)
(612,5954)
(612,5952)
(607,5949)
(604,5949)
(603,5951)
(601,5951)
(600,5950)
(599,5949)
(591,5950)
(588,5949)
(586,5949)
(578,5951)
(576,5953)
(573,5953)
(568,5956)
(564,5959)
(563,5958)
(560,5954)
(555,5954)
(553,5956)
(554,5958)
(552,5962)
(551,5967)
(553,5970)
(557,5972)
(556,5977)
(558,5979)
(558,5981)
(559,5982)
(558,5984)
(559,5985)
(558,5991)
(554,5992)
(553,5993)
(549,5993)
(546,5995)
(542,5995)
(540,5996)
(539,5995)
(532,5996)
(517,5998)
(514,5999)
(512,6003)
(506,6005)
(504,6008)
(503,6010)
(504,6011)
(505,6010)
(508,6011)
(510,6009)
(511,6008)
(510,6010)
(506,6013)
(498,6016)
(487,6018)
(467,6023)
(448,6026)
(438,6031)
(433,6035)
(431,6034)
(435,6029)
(435,6026)
(436,6025)
(438,6026)
(452,6024)
(454,6023)
(454,6021)
(453,6019)
(452,6018)
(451,6016)
(455,6017)
(455,6018)
(457,6019)
(464,6019)
(467,6018)
(468,6016)
(467,6013)
(465,6012)
(464,6009)
(463,6009)
(457,6009)
(451,6011)
(449,6014)
(443,6016)
(440,6019)
(440,6022)
(436,6023)
(435,6025)
(433,6023)
(430,6025)
(429,6029)
(428,6028)
(428,6032)
(430,6035)
(433,6036)
(418,6047)
(417,6048)
(417,6051)
(411,6061)
(411,6063)
(412,6065)
(412,6073)
(414,6077)
(412,6078)
(412,6081)
(413,6082)
(415,6080)
(416,6076)
(417,6078)
(414,6084)
(411,6092)
(410,6094)
(389,6107)
(387,6109)
(385,6113)
(379,6119)
(374,6126)
(367,6125)
(358,6117)
(352,6117)
(347,6111)
(345,6110)
(345,6108)
(347,6106)
(347,6105)
(346,6101)
(349,6100)
(352,6100)
(352,6098)
(354,6097)
(355,6094)
(352,6090)
(352,6085)
(348,6081)
(348,6077)
(346,6076)
(342,6075)
(340,6073)
(338,6069)
(343,6065)
(344,6061)
(347,6059)
(354,6062)
(356,6066)
(359,6067)
(362,6066)
(366,6067)
(369,6065)
(370,6065)
(371,6067)
(375,6067)
(375,6062)
(377,6059)
(374,6057)
(375,6053)
(374,6051)
(377,6051)
(380,6051)
(382,6050)
(385,6050)
(387,6048)
(387,6046)
(390,6045)
(387,6040)
(389,6032)
(391,6031)
(391,6026)
(393,6022)
(395,6020)
(402,6018)
(402,6016)
(401,6015)
(403,6013)
(402,6011)
(398,6010)
(394,6012)
(392,6010)
(389,6010)
(385,6007)
(388,6007)
(389,6005)
(391,6006)
(392,6006)
(391,6003)
(395,5999)
(395,5998)
(398,5998)
(399,5997)
(400,5996)
(403,5995)
(403,5993)
(406,5991)
(406,5989)
(410,5987)
(411,5982)
(413,5981)
(416,5981)
(416,5983)
(418,5982)
(418,5981)
(422,5981)
(428,5985)
(427,5981)
(429,5980)
(430,5980)
(429,5978)
(428,5977)
(429,5977)
(428,5975)
(429,5975)
(434,5972)
(436,5973)
(437,5975)
(442,5976)
(438,5973)
(438,5972)
(442,5971)
(443,5971)
(442,5969)
(438,5969)
(436,5968)
(438,5964)
(442,5960)
(447,5961)
(450,5960)
(450,5958)
(452,5959)
(454,5958)
(457,5957)
(457,5955)
(459,5956)
(461,5952)
(463,5951)
(464,5948)
(466,5948)
(462,5947)
(461,5946)
(462,5942)
(469,5941)
(471,5943)
(475,5944)
(474,5942)
(476,5940)
(476,5938)
(481,5937)
(483,5935)
(481,5933)
(480,5930)
(483,5928)
(481,5926)
(485,5925)
(488,5925)
(488,5924)
(493,5924)
(495,5924)
(493,5922)
(497,5922)
(498,5921)
(497,5919)
(497,5917)
(501,5918)
(503,5919)
(503,5917)
(504,5916)
(502,5916)
(501,5912)
(500,5912)
(500,5910)
(499,5909)
(500,5908)
(499,5905)
(497,5907)
(493,5908)
(491,5907)
(489,5906)
(489,5905)
(490,5904)
(488,5904)
(489,5902)
(491,5901)
(491,5900)
(492,5899)
(493,5897)
(498,5896)
(514,5892)
(515,5892)
(513,5893)
(511,5895)
(512,5895)
(514,5893)
(520,5894)
(524,5893)
(526,5895)
(531,5896)
(534,5898)
(535,5898)
(538,5899)
(538,5902)
(540,5901)
(542,5903)
(541,5900)
(541,5899)
(543,5900)
(544,5902)
(545,5903)
(548,5901)
(552,5899)
(552,5900)
(552,5901)
(553,5902)
(555,5901)
(559,5903)
(564,5904)
(565,5905)
(573,5907)
(572,5909)
(574,5912)
(574,5909)
(577,5908)
(578,5908)
(578,5910)
(579,5911)
(580,5910)
(581,5911)
(583,5910)
(582,5912)
(584,5914)
(585,5911)
(584,5910)
(587,5911)
(587,5913)
(590,5915)
(590,5914)
(588,5913)
(591,5911)
(592,5912)
(593,5913)
(592,5914)
(593,5914)
(594,5915)
(595,5914)
(596,5915)
(597,5915)
(597,5918)
(598,5918)
(597,5916)
(598,5916)
(610,5922)
(620,5925)
(621,5925)
(625,5926)
(628,5928)
(631,5929)
(635,5928)
(637,5926)
(641,5927)
(646,5932)
(647,5934)
(649,5935)
(649,5936)
(649,5938)
(650,5939)
(650,5940)
(653,5941)
(655,5940)
(658,5941)
(657,5944)
(658,5945)
(661,5946)
(662,5950)
(665,5952)
(666,5954)
(674,5957)
(677,5959)
(679,5960)
(683,5964)
(687,5964)
(688,5967)
(691,5968)
(697,5968)
(698,5969)
(698,5974)
(701,5976)
(704,5978)
(710,5980)
(710,5978)
(713,5975)
(718,5976)
(720,5976)
(721,5973)
(723,5973)
(728,5974)
(728,5968)
(731,5970)
(733,5969)
(736,5969)
(739,5967)
(744,5967)
(748,5965)
(750,5966)
(755,5966)
(756,5965)
(756,5963)
(759,5961)
(760,5958)
(763,5957)
(763,5955)
(768,5954)
(770,5952)
(775,5951)
(778,5952)
(783,5947)
(788,5948)
(791,5947)
(793,5953)
(799,5952)
(800,5953)
(804,5953)
(808,5953)
(814,5950)
(815,5951)
(818,5950)
(823,5951)
(825,5950)
(826,5948)
(830,5947)
(833,5947)
(836,5942)
(841,5940)
(842,5938)
(845,5938)
(847,5934)
(849,5932)
(853,5926)
(857,5924)
(857,5921)
(859,5917)
(862,5916)
(863,5914)
(872,5910)
(872,5908)
(875,5908)
(876,5907)
(883,5899)
(886,5898)
(888,5896)
(891,5896)
(892,5895)
(895,5895)
(900,5893)
(903,5894)
(906,5891)
(911,5893)
(913,5892)
(914,5896)
(918,5899)
(917,5903)
(916,5905)
(917,5905)
(918,5904)
(919,5904)
(919,5905)
(922,5906)
(922,5908)
(923,5910)
(922,5913)
(920,5914)
(921,5915)
(927,5916)
(935,5914)
(940,5915)
(943,5914)
(952,5917)
(956,5915)
(958,5917)
(961,5916)
(963,5914)
(963,5919)
(965,5920)
(967,5921)
(968,5922)
(967,5927)
(966,5928)
(968,5931)
(973,5932)
(976,5935)
(979,5935)
(983,5936)
(986,5932)
(989,5932)
(987,5930)
(983,5929)
(980,5925)
(976,5923)
(977,5921)
(983,5920)
(985,5919)
(987,5920)
(993,5915)
(995,5916)
(997,5915)
(998,5912)
(1003,5911)
(1004,5909)
(1007,5910)
(1007,5912)
(1008,5912)
(1008,5913)
(1010,5911)
(1012,5911)
(1011,5913)
(1013,5913)
(1015,5910)
(1016,5911)
(1018,5909)
(1019,5909)
(1019,5908)
(1021,5908)
(1023,5905)
(1023,5900)
(1025,5899)
(1026,5899)
(1027,5898)
(1028,5898)
(1032,5895)
(1033,5895)
(1033,5893)
(1039,5887)
(1043,5887)
(1045,5883)
(1047,5883)
(1048,5882)
(1050,5881)
(1052,5877)
(1062,5867)
(1065,5866)
(1070,5862)
(1072,5861)
(1076,5862)
(1077,5864)
(1078,5865)
(1083,5863)
(1083,5861)
(1085,5862)
(1087,5861)
(1089,5861)
(1094,5857)
(1095,5857)
(1096,5859)
(1097,5859)
(1099,5857)
(1100,5855)
(1099,5853)
(1096,5852)
(1097,5849)
(1100,5847)
(1105,5846)
(1113,5841)
(1115,5842)
(1113,5842)
(1113,5845)
(1110,5847)
(1109,5852)
(1112,5857)
(1113,5857)
(1114,5860)
(1114,5866)
(1121,5867)
(1124,5866)
(1132,5865)
(1136,5861)
(1138,5864)
(1142,5865)
(1146,5870)
(1153,5870)
(1157,5867)
(1158,5870)
(1164,5868)
(1170,5873)
(1172,5872)
(1174,5872)
(1174,5874)
(1176,5878)
(1178,5880)
(1179,5882)
(1183,5882)
(1188,5883)
(1188,5885)
(1186,5886)
(1187,5888)
(1184,5892)
(1183,5894)
(1181,5895)
(1180,5896)
(1182,5900)
(1182,5908)
(1183,5911)
(1181,5914)
(1182,5915)
(1183,5917)
(1184,5919)
(1186,5927)
(1189,5930)
(1185,5935)
(1187,5938)
(1187,5940)
(1188,5940)
(1191,5942)
(1196,5941)
(1196,5942)
(1198,5942)
(1203,5943)
(1206,5945)
(1208,5951)
(1206,5956)
(1204,5960)
(1206,5968)
(1209,5971)
(1209,5972)
(1212,5973)
(1215,5971)
(1219,5970)
(1222,5967)
(1223,5967)
(1221,5972)
(1219,5980)
(1220,5984)
(1220,5989)
(1225,5992)
(1227,5998)
(1223,6001)
(1223,6004)
(1221,6004)
(1221,6005)
(1219,6006)
(1215,6006)
(1214,6010)
(1215,6010)
(1217,6010)
(1219,6013)
(1221,6013)
(1223,6015)
(1223,6020)
(1221,6022)
(1214,6025)
(1214,6026)
(1211,6028)
(1209,6031)
(1210,6033)
(1209,6035)
(1193,6030)
(1191,6027)
(1185,6024)
(1182,6026)
(1178,6027)
(1175,6029)
(1173,6029)
(1171,6031)
(1171,6032)
(1170,6035)
(1171,6036)
(1173,6037)
(1173,6039)
(1171,6044)
(1169,6047)
(1171,6049)
(1177,6054)
(1177,6062)
(1174,6067)
(1174,6072)
(1176,6073)
(1175,6075)
(1174,6077)
(1171,6077)
(1169,6076)
(1168,6073)
(1162,6072)
(1160,6074)
(1158,6074)
(1154,6075)
(1148,6076)
(1143,6081)
(1142,6081)
(1139,6078)
(1137,6078)
(1133,6075)
(1127,6075)
(1123,6074)
(1121,6076)
(1118,6074)
(1116,6071)
(1114,6071)
(1111,6068)
(1111,6066)
(1109,6066)
(1106,6063)
(1102,6066)
(1100,6071)
(1098,6069)
(1095,6069)
(1093,6070)
(1092,6071)
(1087,6070)
(1083,6071)
(1081,6068)
(1078,6067)
(1076,6065)
(1074,6061)
(1070,6062)
(1069,6059)
(1067,6060)
(1066,6059)
(1063,6059)
(1059,6057)
(1056,6055)
(1054,6055)
(1053,6062)
(1050,6065)
(1050,6066)
(1048,6067)
(1048,6070)
(1051,6071)
(1052,6074)
(1054,6075)
(1059,6079)
(1059,6081)
(1062,6083)
(1061,6085)
(1063,6086)
(1064,6085)
(1064,6087)
(1065,6089)
(1064,6089)
(1064,6090)
(1066,6091)
(1067,6095)
(1069,6094)
(1072,6095)
(1071,6096)
(1072,6097)
(1074,6099)
(1075,6104)
(1082,6106)
(1084,6107)
(1082,6113)
(1082,6115)
(1084,6116)
(1089,6121)
(1092,6123)
(1093,6125)
(1092,6131)
(1089,6131)
(1084,6137)
(1083,6138)
(1082,6142)
(1079,6145)
(1078,6149)
(1078,6152)
(1077,6156)
(1074,6157)
(1070,6155)
(1068,6161)
(1072,6160)
(1073,6165)
(1076,6167)
(1078,6172)
(1080,6177)
(1079,6181)
(1079,6183)
(1082,6184)
(1087,6184)
(1090,6188)
(1094,6190)
(1097,6197)
(1099,6197)
(1101,6194)
(1102,6195)
(1105,6198)
(1106,6204)
(1104,6216)
(1100,6223)
(1100,6228)
(1097,6232)
(1097,6233)
(1100,6237)
(1099,6239)
(1092,6244)
(1086,6246)
(1079,6253)
(1071,6257)
(1069,6261)
(1064,6264)
(1059,6268)
(1052,6281)
(1050,6283)
(1047,6285)
(1045,6287)
(1043,6288)
(1037,6289)
(1028,6288)
(1021,6284)
(1015,6285)
(1012,6286)
(1008,6285)
(1003,6286)
(994,6285)
(992,6285)
(987,6291)
(981,6294)
(975,6301)
(968,6303)
(966,6305)
(963,6311)
(961,6325)
(960,6326)
(959,6323)
(956,6321)
(948,6324)
(945,6327)
(946,6330)
(945,6332)
(944,6336)
(940,6338)
(935,6338)
(931,6336)
(926,6336)
(924,6334)
(923,6330)
(921,6328)
(920,6330)
(920,6335)
(916,6336)
(915,6333)
(912,6329)
(907,6328)
(904,6331)
(904,6333)
(900,6335)
(899,6337)
(897,6333)
(894,6335)
(893,6332)
(890,6333)
(889,6331)
(886,6331)
(884,6332)
(880,6331)
(877,6332)
(873,6332)
(868,6327)
(866,6327)
(865,6323)
(863,6321)
(864,6319)
(862,6318)
(862,6315)
(860,6314)
(861,6313)