761
(2241,3234)
(2250,3233)
(2253,3232)
(2264,3229)
(2273,3228)
(2282,3229)
(2293,3231)
(2301,3232)
(2305,3230)
(2311,3229)
(2320,3231)
(2326,3235)
(2328,3235)
(2335,3239)
(2335,3238)
(2336,3238)
(2336,3236)
(2339,3233)
(2342,3232)
(2342,3229)
(2343,3228)
(2342,3226)
(2347,3223)
(2344,3224)
(2344,3222)
(2348,3222)
(2350,3224)
(2350,3222)
(2352,3222)
(2354,3223)
(2352,3220)
(2351,3221)
(2345,3221)
(2347,3218)
(2351,3217)
(2351,3216)
(2354,3216)
(2352,3215)
(2352,3214)
(2357,3215)
(2357,3214)
(2359,3215)
(2359,3213)
(2361,3214)
(2360,3212)
(2360,3210)
(2359,3207)
(2360,3206)
(2358,3203)
(2360,3204)
(2359,3197)
(2361,3198)
(2362,3194)
(2360,3189)
(2359,3192)
(2356,3190)
(2351,3191)
(2351,3190)
(2359,3189)
(2364,3185)
(2371,3191)
(2377,3194)
(2379,3196)
(2380,3198)
(2379,3199)
(2377,3196)
(2371,3192)
(2371,3195)
(2372,3205)
(2369,3209)
(2368,3213)
(2368,3214)
(2369,3215)
(2370,3214)
(2371,3215)
(2369,3218)
(2371,3219)
(2371,3222)
(2370,3223)
(2371,3224)
(2373,3222)
(2373,3219)
(2374,3218)
(2374,3219)
(2376,3219)
(2377,3218)
(2377,3216)
(2377,3214)
(2380,3213)
(2380,3212)
(2378,3212)
(2382,3207)
(2381,3207)
(2380,3207)
(2381,3206)
(2378,3207)
(2380,3205)
(2385,3206)
(2386,3203)
(2386,3205)
(2392,3210)
(2393,3209)
(2394,3212)
(2395,3211)
(2398,3215)
(2398,3209)
(2400,3205)
(2400,3203)
(2396,3197)
(2400,3190)
(2398,3187)
(2398,3184)
(2398,3183)
(2400,3185)
(2398,3180)
(2399,3176)
(2401,3176)
(2401,3174)
(2394,3175)
(2385,3183)
(2387,3180)
(2384,3182)
(2386,3180)
(2390,3178)
(2392,3174)
(2397,3173)
(2398,3170)
(2403,3164)
(2410,3166)
(2411,3164)
(2413,3164)
(2416,3161)
(2422,3164)
(2427,3163)
(2431,3165)
(2441,3172)
(2443,3170)
(2445,3170)
(2446,3172)
(2447,3172)
(2452,3173)
(2457,3176)
(2461,3175)
(2464,3175)
(2465,3175)
(2464,3177)
(2462,3178)
(2461,3177)
(2456,3181)
(2454,3182)
(2452,3184)
(2452,3187)
(2450,3184)
(2446,3187)
(2446,3191)
(2449,3195)
(2446,3194)
(2446,3199)
(2447,3200)
(2449,3201)
(2450,3203)
(2447,3203)
(2444,3208)
(2446,3213)
(2451,3213)
(2453,3215)
(2454,3216)
(2453,3218)
(2451,3219)
(2450,3219)
(2448,3220)
(2447,3219)
(2443,3221)
(2441,3224)
(2438,3222)
(2437,3225)
(2438,3226)
(2438,3232)
(2439,3234)
(2440,3237)
(2439,3242)
(2441,3246)
(2443,3244)
(2444,3254)
(2443,3254)
(2441,3253)
(2440,3256)
(2440,3264)
(2441,3262)
(2443,3266)
(2443,3259)
(2450,3256)
(2452,3256)
(2453,3255)
(2456,3260)
(2454,3264)
(2452,3265)
(2452,3268)
(2450,3267)
(2449,3266)
(2448,3269)
(2450,3278)
(2452,3280)
(2453,3283)
(2458,3286)
(2464,3281)
(2462,3286)
(2465,3283)
(2466,3284)
(2467,3279)
(2469,3278)
(2475,3271)
(2480,3258)
(2484,3252)
(2487,3249)
(2489,3244)
(2496,3241)
(2502,3241)
(2508,3239)
(2513,3236)
(2514,3234)
(2518,3234)
(2520,3235)
(2524,3234)
(2527,3229)
(2529,3220)
(2526,3208)
(2526,3202)
(2524,3197)
(2526,3189)
(2524,3185)
(2522,3184)
(2520,3178)
(2518,3177)
(2507,3170)
(2503,3167)
(2500,3166)
(2500,3167)
(2502,3169)
(2502,3170)
(2502,3172)
(2500,3175)
(2498,3174)
(2494,3174)
(2483,3169)
(2474,3171)
(2467,3175)
(2463,3173)
(2464,3171)
(2469,3171)
(2474,3169)
(2479,3167)
(2482,3166)
(2483,3163)
(2485,3163)
(2486,3162)
(2487,3159)
(2489,3158)
(2491,3153)
(2494,3155)
(2499,3155)
(2501,3154)
(2501,3152)
(2506,3146)
(2509,3151)
(2511,3154)
(2513,3158)
(2516,3162)
(2518,3165)
(2520,3169)
(2523,3173)
(2526,3178)
(2528,3182)
(2530,3188)
(2532,3194)
(2533,3199)
(2536,3205)
(2537,3214)
(2538,3218)
(2538,3222)
(2539,3227)
(2540,3232)
(2540,3237)
(2540,3242)
(2540,3246)
(2540,3251)
(2538,3257)
(2536,3261)
(2535,3265)
(2533,3269)
(2529,3275)
(2526,3282)
(2524,3286)
(2521,3290)
(2519,3293)
(2516,3296)
(2513,3297)
(2509,3297)
(2507,3300)
(2504,3303)
(2500,3306)
(2496,3308)
(2493,3310)
(2490,3313)
(2486,3316)
(2483,3320)
(2480,3324)
(2477,3328)
(2475,3332)
(2477,3333)
(2475,3336)
(2477,3339)
(2477,3344)
(2477,3348)
(2479,3351)
(2479,3356)
(2479,3360)
(2479,3367)
(2479,3372)
(2478,3376)
(2478,3381)
(2478,3386)
(2478,3390)
(2477,3396)
(2477,3400)
(2477,3407)
(2476,3413)
(2476,3417)
(2476,3422)
(2478,3424)
(2481,3428)
(2483,3429)
(2483,3425)
(2486,3422)
(2490,3421)
(2493,3422)
(2496,3421)
(2499,3419)
(2503,3419)
(2507,3418)
(2510,3419)
(2514,3420)
(2516,3425)
(2518,3429)
(2521,3431)
(2524,3433)
(2527,3436)
(2529,3442)
(2530,3447)
(2530,3451)
(2530,3457)
(2529,3459)
(2530,3463)
(2530,3470)
(2530,3471)
(2534,3470)
(2534,3475)
(2537,3476)
(2541,3476)
(2544,3476)
(2547,3475)
(2547,3477)
(2549,3480)
(2550,3484)
(2548,3487)
(2547,3487)
(2548,3492)
(2547,3499)
(2545,3503)
(2541,3504)
(2537,3504)
(2537,3510)
(2538,3511)
(2539,3511)
(2541,3507)
(2542,3505)
(2545,3504)
(2549,3501)
(2553,3498)
(2554,3494)
(2557,3489)
(2558,3490)
(2560,3493)
(2561,3498)
(2560,3504)
(2559,3508)
(2559,3512)
(2559,3514)
(2562,3516)
(2565,3518)
(2566,3517)
(2567,3518)
(2564,3522)
(2561,3526)
(2558,3528)
(2555,3532)
(2553,3536)
(2552,3540)
(2551,3545)
(2552,3549)
(2549,3553)
(2546,3557)
(2542,3558)
(2540,3561)
(2537,3564)
(2537,3569)
(2537,3574)
(2537,3578)
(2537,3583)
(2536,3588)
(2538,3589)
(2537,3594)
(2534,3596)
(2533,3600)
(2530,3603)
(2529,3598)
(2525,3600)
(2522,3601)
(2520,3602)
(2520,3597)
(2518,3597)
(2515,3603)
(2514,3607)
(2511,3609)
(2509,3614)
(2507,3618)
(2506,3619)
(2506,3614)
(2508,3611)
(2509,3606)
(2506,3604)
(2503,3605)
(2499,3608)
(2497,3610)
(2494,3608)
(2490,3606)
(2487,3606)
(2484,3608)
(2482,3612)
(2480,3616)
(2478,3620)
(2475,3624)
(2473,3628)
(2473,3634)
(2474,3641)
(2474,3646)
(2474,3652)
(2474,3656)
(2474,3660)
(2473,3664)
(2472,3668)
(2470,3671)
(2469,3675)
(2469,3680)
(2471,3683)
(2475,3684)
(2477,3687)
(2476,3691)
(2477,3696)
(2474,3699)
(2473,3703)
(2471,3705)
(2467,3711)
(2465,3714)
(2463,3714)
(2462,3718)
(2459,3719)
(2455,3720)
(2452,3720)
(2449,3720)
(2446,3722)
(2443,3723)
(2439,3725)
(2436,3727)
(2433,3729)
(2431,3732)
(2429,3736)
(2427,3739)
(2426,3741)
(2423,3740)
(2420,3743)
(2417,3743)
(2413,3744)
(2409,3745)
(2406,3744)
(2402,3746)
(2398,3748)
(2394,3754)
(2392,3759)
(2389,3763)
(2387,3768)
(2384,3772)
(2382,3777)
(2380,3780)
(2378,3784)
(2376,3787)
(2374,3790)
(2372,3796)
(2368,3802)
(2367,3805)
(2364,3811)
(2361,3815)
(2357,3820)
(2354,3823)
(2351,3827)
(2349,3831)
(2346,3836)
(2344,3839)
(2342,3843)
(2339,3848)
(2337,3852)
(2339,3858)
(2339,3859)
(2337,3862)
(2334,3866)
(2330,3871)
(2328,3875)
(2326,3879)
(2324,3884)
(2322,3888)
(2320,3891)
(2318,3896)
(2317,3900)
(2314,3905)
(2311,3909)
(2309,3912)
(2306,3916)
(2303,3922)
(2300,3926)
(2298,3932)
(2296,3938)
(2295,3942)
(2294,3948)
(2296,3951)
(2296,3956)
(2294,3960)
(2293,3964)
(2291,3967)
(2290,3972)
(2290,3974)
(2287,3976)
(2284,3980)
(2283,3983)
(2282,3986)
(2282,3993)
(2281,3997)
(2278,4001)
(2275,4000)
(2273,3997)
(2269,3994)
(2265,3992)
(2261,3993)
(2256,3992)
(2252,3995)
(2249,3998)
(2246,3998)
(2245,3994)
(2244,3991)
(2243,3991)
(2242,3991)
(2240,3988)
(2239,3986)
(2241,3985)
(2239,3978)
(2242,3974)
(2242,3970)
(2246,3965)
(2250,3951)
(2254,3947)
(2252,3946)
(2252,3943)
(2251,3941)
(2247,3939)
(2241,3939)
(2235,3933)
(2235,3918)
(2234,3914)
(2235,3904)
(2227,3887)
(2224,3887)
(2216,3888)
(2199,3877)
(2196,3877)
(2190,3878)
(2184,3876)
(2175,3868)
(2173,3860)
(2169,3857)
(2170,3856)
(2170,3851)
(2167,3846)
(2165,3844)
(2160,3844)
(2162,3840)
(2162,3835)
(2159,3827)
(2158,3816)
(2154,3812)
(2152,3802)
(2151,3798)
(2152,3787)
(2150,3786)
(2148,3788)
(2146,3788)
(2146,3789)
(2142,3794)
(2138,3786)
(2133,3786)
(2132,3788)
(2126,3786)
(2125,3779)
(2117,3765)
(2115,3763)
(2113,3757)
(2114,3753)
(2117,3751)
(2117,3748)
(2108,3739)
(2112,3736)
(2113,3737)
(2118,3736)
(2119,3734)
(2120,3729)
(2127,3722)
(2127,3718)
(2125,3708)
(2127,3696)
(2131,3688)
(2133,3687)
(2134,3684)
(2136,3684)
(2136,3682)
(2138,3683)
(2138,3682)
(2138,3677)
(2136,3677)
(2141,3674)
(2149,3676)
(2154,3675)
(2154,3674)
(2156,3672)
(2159,3667)
(2160,3670)
(2162,3670)
(2163,3672)
(2167,3674)
(2177,3671)
(2179,3669)
(2184,3669)
(2186,3670)
(2190,3670)
(2194,3671)
(2199,3669)
(2199,3664)
(2199,3660)
(2199,3656)
(2199,3652)
(2199,3648)
(2199,3644)
(2199,3639)
(2199,3635)
(2199,3631)
(2199,3627)
(2199,3622)
(2199,3620)
(2202,3618)
(2205,3617)
(2212,3610)
(2222,3603)
(2223,3600)
(2224,3595)
(2227,3589)
(2228,3584)
(2229,3580)
(2228,3577)
(2231,3576)
(2233,3574)
(2232,3572)
(2233,3569)
(2235,3569)
(2239,3564)
(2245,3562)
(2246,3563)
(2249,3563)
(2252,3560)
(2252,3558)
(2251,3555)
(2258,3543)
(2260,3536)
(2260,3533)
(2262,3529)
(2260,3528)
(2260,3525)
(2259,3524)
(2259,3521)
(2263,3514)
(2262,3512)
(2259,3510)
(2258,3503)
(2260,3502)
(2261,3494)
(2267,3492)
(2268,3490)
(2269,3483)
(2271,3478)
(2272,3474)
(2272,3469)
(2274,3467)
(2274,3465)
(2276,3462)
(2275,3458)
(2276,3454)
(2276,3451)
(2276,3447)
(2280,3441)
(2286,3442)
(2289,3439)
(2290,3437)
(2292,3437)
(2294,3435)
(2296,3435)
(2297,3432)
(2297,3430)
(2294,3428)
(2292,3423)
(2294,3412)
(2295,3408)
(2297,3405)
(2296,3399)
(2294,3397)
(2296,3394)
(2296,3387)
(2291,3379)
(2290,3379)
(2288,3381)
(2285,3380)
(2285,3379)
(2284,3373)
(2286,3370)
(2284,3359)
(2285,3356)
(2286,3352)
(2287,3348)
(2288,3345)
(2285,3327)
(2282,3323)
(2279,3315)
(2278,3312)
(2277,3308)
(2268,3297)
(2265,3290)
(2259,3287)
(2255,3289)
(2251,3287)
(2248,3281)
(2247,3281)
(2247,3275)
(2241,3260)
(2242,3257)
(2240,3254)
(2241,3234)