5181
(1952,-7027)
(1959,-7030)
(1961,-7033)
(1962,-7032)
(1961,-7031)
(1957,-7029)
(1957,-7027)
(1959,-7027)
(1961,-7029)
(1964,-7033)
(1962,-7034)
(1960,-7035)
(1961,-7036)
(1966,-7035)
(1970,-7037)
(1973,-7035)
(1980,-7037)
(1987,-7040)
(1995,-7045)
(2001,-7050)
(2007,-7059)
(2009,-7063)
(2013,-7067)
(2016,-7071)
(2018,-7077)
(2026,-7087)
(2026,-7092)
(2027,-7093)
(2026,-7096)
(2024,-7096)
(2023,-7097)
(2025,-7101)
(2025,-7104)
(2027,-7105)
(2030,-7103)
(2031,-7103)
(2036,-7106)
(2043,-7112)
(2042,-7125)
(2042,-7127)
(2041,-7128)
(2043,-7135)
(2045,-7141)
(2047,-7147)
(2047,-7148)
(2047,-7146)
(2047,-7147)
(2050,-7153)
(2057,-7156)
(2057,-7159)
(2061,-7165)
(2065,-7172)
(2065,-7177)
(2065,-7181)
(2064,-7183)
(2065,-7187)
(2065,-7192)
(2068,-7200)
(2069,-7207)
(2068,-7218)
(2067,-7227)
(2072,-7230)
(2074,-7233)
(2074,-7237)
(2077,-7238)
(2082,-7235)
(2086,-7237)
(2091,-7236)
(2096,-7239)
(2103,-7236)
(2106,-7236)
(2108,-7237)
(2111,-7242)
(2110,-7245)
(2113,-7251)
(2115,-7252)
(2118,-7252)
(2122,-7250)
(2120,-7250)
(2121,-7248)
(2122,-7250)
(2126,-7251)
(2128,-7260)
(2139,-7269)
(2140,-7276)
(2144,-7278)
(2146,-7278)
(2153,-7286)
(2160,-7288)
(2162,-7293)
(2171,-7299)
(2175,-7308)
(2177,-7309)
(2178,-7312)
(2184,-7312)
(2191,-7315)
(2192,-7314)
(2194,-7315)
(2195,-7317)
(2196,-7317)
(2199,-7314)
(2197,-7311)
(2198,-7309)
(2205,-7307)
(2204,-7304)
(2205,-7305)
(2206,-7306)
(2209,-7305)
(2218,-7312)
(2219,-7314)
(2217,-7317)
(2218,-7319)
(2217,-7322)
(2218,-7325)
(2221,-7331)
(2227,-7337)
(2227,-7338)
(2233,-7343)
(2240,-7342)
(2249,-7345)
(2250,-7346)
(2251,-7349)
(2255,-7350)
(2259,-7348)
(2267,-7349)
(2269,-7347)
(2269,-7343)
(2267,-7341)
(2265,-7342)
(2264,-7340)
(2263,-7342)
(2259,-7342)
(2257,-7341)
(2256,-7338)
(2255,-7337)
(2255,-7334)
(2253,-7334)
(2252,-7331)
(2251,-7331)
(2250,-7327)
(2248,-7325)
(2248,-7320)
(2249,-7322)
(2250,-7322)
(2251,-7325)
(2262,-7329)
(2263,-7330)
(2263,-7333)
(2264,-7334)
(2265,-7332)
(2267,-7338)
(2270,-7338)
(2270,-7337)
(2274,-7338)
(2275,-7341)
(2278,-7344)
(2278,-7342)
(2281,-7341)
(2281,-7337)
(2284,-7333)
(2282,-7328)
(2284,-7321)
(2281,-7301)
(2281,-7300)
(2282,-7302)
(2283,-7300)
(2285,-7299)
(2286,-7296)
(2283,-7291)
(2283,-7289)
(2280,-7286)
(2281,-7285)
(2287,-7295)
(2286,-7299)
(2284,-7301)
(2283,-7303)
(2283,-7305)
(2284,-7306)
(2286,-7302)
(2289,-7300)
(2285,-7305)
(2285,-7311)
(2284,-7314)
(2285,-7313)
(2286,-7319)
(2289,-7318)
(2289,-7320)
(2288,-7322)
(2286,-7323)
(2283,-7328)
(2284,-7330)
(2285,-7334)
(2287,-7337)
(2290,-7343)
(2288,-7344)
(2287,-7349)
(2285,-7348)
(2281,-7349)
(2280,-7346)
(2279,-7346)
(2278,-7348)
(2277,-7348)
(2276,-7349)
(2273,-7345)
(2273,-7347)
(2274,-7348)
(2273,-7348)
(2270,-7347)
(2270,-7349)
(2275,-7358)
(2276,-7359)
(2275,-7359)
(2274,-7361)
(2278,-7365)
(2280,-7367)
(2283,-7374)
(2285,-7375)
(2284,-7376)
(2283,-7375)
(2281,-7377)
(2280,-7377)
(2280,-7380)
(2283,-7377)
(2289,-7376)
(2292,-7376)
(2294,-7378)
(2291,-7374)
(2286,-7370)
(2285,-7368)
(2287,-7370)
(2295,-7376)
(2298,-7378)
(2300,-7382)
(2299,-7382)
(2299,-7383)
(2302,-7383)
(2308,-7386)
(2314,-7399)
(2319,-7404)
(2324,-7407)
(2325,-7410)
(2336,-7422)
(2338,-7423)
(2341,-7420)
(2347,-7421)
(2351,-7423)
(2353,-7425)
(2362,-7428)
(2369,-7427)
(2374,-7424)
(2377,-7426)
(2382,-7426)
(2386,-7429)
(2390,-7429)
(2399,-7437)
(2401,-7441)
(2402,-7443)
(2406,-7444)
(2415,-7459)
(2420,-7459)
(2427,-7463)
(2435,-7460)
(2439,-7457)
(2443,-7456)
(2446,-7453)
(2443,-7455)
(2442,-7453)
(2443,-7451)
(2445,-7452)
(2448,-7450)
(2449,-7445)
(2451,-7444)
(2451,-7448)
(2447,-7451)
(2447,-7452)
(2452,-7449)
(2459,-7446)
(2462,-7446)
(2465,-7448)
(2469,-7448)
(2473,-7446)
(2485,-7442)
(2492,-7444)
(2493,-7443)
(2494,-7445)
(2502,-7447)
(2505,-7449)
(2507,-7455)
(2512,-7451)
(2517,-7450)
(2520,-7451)
(2527,-7460)
(2533,-7462)
(2536,-7464)
(2538,-7464)
(2540,-7466)
(2543,-7464)
(2549,-7465)
(2553,-7463)
(2560,-7463)
(2562,-7466)
(2565,-7468)
(2565,-7470)
(2569,-7470)
(2571,-7473)
(2582,-7466)
(2601,-7462)
(2601,-7459)
(2599,-7459)
(2598,-7458)
(2600,-7458)
(2601,-7456)
(2602,-7458)
(2605,-7455)
(2606,-7453)
(2603,-7452)
(2602,-7448)
(2607,-7452)
(2609,-7451)
(2603,-7459)
(2614,-7453)
(2620,-7451)
(2622,-7449)
(2624,-7447)
(2623,-7446)
(2623,-7444)
(2625,-7447)
(2625,-7449)
(2622,-7449)
(2622,-7451)
(2640,-7447)
(2640,-7446)
(2644,-7447)
(2651,-7446)
(2660,-7446)
(2666,-7444)
(2665,-7440)
(2667,-7441)
(2668,-7444)
(2677,-7443)
(2677,-7440)
(2679,-7440)
(2679,-7442)
(2681,-7443)
(2684,-7442)
(2690,-7443)
(2695,-7441)
(2695,-7440)
(2704,-7440)
(2711,-7437)
(2713,-7437)
(2717,-7436)
(2720,-7437)
(2721,-7439)
(2722,-7437)
(2726,-7436)
(2724,-7436)
(2725,-7434)
(2728,-7437)
(2730,-7437)
(2731,-7436)
(2731,-7434)
(2729,-7432)
(2731,-7430)
(2732,-7432)
(2735,-7433)
(2735,-7435)
(2736,-7436)
(2741,-7434)
(2743,-7431)
(2743,-7434)
(2741,-7435)
(2743,-7435)
(2746,-7437)
(2747,-7438)
(2749,-7437)
(2753,-7436)
(2757,-7438)
(2759,-7435)
(2762,-7435)
(2768,-7436)
(2774,-7439)
(2770,-7431)
(2770,-7428)
(2768,-7428)
(2767,-7427)
(2769,-7426)
(2772,-7430)
(2773,-7426)
(2771,-7423)
(2772,-7415)
(2773,-7416)
(2773,-7413)
(2775,-7410)
(2775,-7408)
(2773,-7406)
(2770,-7404)
(2769,-7396)
(2770,-7392)
(2772,-7390)
(2770,-7396)
(2772,-7399)
(2774,-7403)
(2777,-7406)
(2776,-7414)
(2777,-7419)
(2779,-7421)
(2778,-7422)
(2777,-7425)
(2778,-7427)
(2776,-7431)
(2776,-7434)
(2780,-7439)
(2779,-7441)
(2777,-7441)
(2777,-7444)
(2781,-7442)
(2799,-7443)
(2799,-7441)
(2798,-7442)
(2795,-7440)
(2790,-7441)
(2784,-7439)
(2784,-7436)
(2787,-7435)
(2785,-7430)
(2786,-7430)
(2787,-7433)
(2790,-7435)
(2792,-7433)
(2794,-7433)
(2798,-7436)
(2797,-7433)
(2799,-7435)
(2801,-7434)
(2803,-7430)
(2800,-7427)
(2802,-7425)
(2802,-7427)
(2805,-7432)
(2804,-7435)
(2805,-7437)
(2803,-7437)
(2805,-7444)
(2815,-7447)
(2816,-7446)
(2815,-7445)
(2812,-7444)
(2811,-7441)
(2811,-7440)
(2813,-7441)
(2813,-7442)
(2814,-7442)
(2819,-7428)
(2819,-7435)
(2820,-7435)
(2819,-7438)
(2823,-7441)
(2824,-7444)
(2824,-7446)
(2822,-7448)
(2818,-7447)
(2816,-7449)
(2819,-7449)
(2824,-7449)
(2833,-7451)
(2839,-7454)
(2840,-7456)
(2842,-7455)
(2842,-7458)
(2860,-7461)
(2865,-7464)
(2866,-7466)
(2870,-7468)
(2871,-7470)
(2873,-7473)
(2873,-7475)
(2880,-7479)
(2887,-7481)
(2890,-7483)
(2893,-7480)
(2895,-7481)
(2900,-7479)
(2902,-7482)
(2904,-7483)
(2903,-7474)
(2898,-7464)
(2895,-7449)
(2892,-7442)
(2891,-7436)
(2890,-7427)
(2890,-7422)
(2889,-7417)
(2889,-7409)
(2889,-7405)
(2888,-7405)
(2888,-7401)
(2888,-7394)
(2892,-7386)
(2890,-7389)
(2889,-7385)
(2887,-7382)
(2884,-7381)
(2883,-7380)
(2884,-7379)
(2886,-7380)
(2887,-7377)
(2886,-7375)
(2885,-7374)
(2884,-7372)
(2882,-7370)
(2881,-7372)
(2880,-7371)
(2883,-7369)
(2886,-7372)
(2887,-7372)
(2889,-7370)
(2890,-7365)
(2888,-7364)
(2887,-7367)
(2885,-7367)
(2879,-7360)
(2877,-7360)
(2874,-7356)
(2873,-7360)
(2871,-7360)
(2869,-7363)
(2862,-7367)
(2863,-7369)
(2869,-7367)
(2872,-7368)
(2868,-7369)
(2870,-7371)
(2866,-7370)
(2864,-7372)
(2860,-7374)
(2857,-7378)
(2851,-7383)
(2848,-7386)
(2842,-7389)
(2841,-7386)
(2842,-7380)
(2847,-7370)
(2847,-7372)
(2843,-7381)
(2844,-7386)
(2851,-7381)
(2857,-7376)
(2858,-7374)
(2861,-7365)
(2865,-7363)
(2872,-7357)
(2871,-7355)
(2870,-7354)
(2870,-7353)
(2876,-7354)
(2877,-7356)
(2875,-7351)
(2869,-7349)
(2868,-7349)
(2866,-7347)
(2865,-7349)
(2866,-7352)
(2863,-7355)
(2865,-7359)
(2862,-7356)
(2855,-7355)
(2860,-7360)
(2859,-7361)
(2856,-7360)
(2855,-7357)
(2853,-7360)
(2854,-7356)
(2856,-7352)
(2853,-7352)
(2852,-7349)
(2846,-7353)
(2842,-7352)
(2841,-7354)
(2838,-7352)
(2837,-7354)
(2839,-7360)
(2840,-7360)
(2843,-7357)
(2845,-7357)
(2844,-7358)
(2841,-7363)
(2838,-7365)
(2835,-7363)
(2834,-7364)
(2833,-7364)
(2831,-7365)
(2833,-7367)
(2836,-7369)
(2839,-7366)
(2845,-7368)
(2840,-7370)
(2838,-7375)
(2832,-7376)
(2831,-7378)
(2829,-7384)
(2829,-7380)
(2827,-7384)
(2828,-7381)
(2832,-7375)
(2831,-7375)
(2827,-7377)
(2826,-7379)
(2827,-7377)
(2829,-7375)
(2824,-7374)
(2824,-7373)
(2826,-7373)
(2829,-7373)
(2831,-7370)
(2829,-7371)
(2829,-7368)
(2831,-7368)
(2826,-7363)
(2827,-7361)
(2832,-7354)
(2837,-7351)
(2840,-7351)
(2837,-7345)
(2838,-7343)
(2840,-7345)
(2842,-7339)
(2844,-7339)
(2848,-7341)
(2850,-7341)
(2856,-7344)
(2857,-7342)
(2855,-7340)
(2857,-7340)
(2860,-7345)
(2864,-7341)
(2867,-7343)
(2870,-7342)
(2873,-7339)
(2878,-7337)
(2879,-7333)
(2881,-7331)
(2882,-7332)
(2882,-7334)
(2882,-7336)
(2885,-7340)
(2893,-7343)
(2894,-7346)
(2893,-7347)
(2890,-7348)
(2888,-7347)
(2886,-7343)
(2883,-7341)
(2883,-7343)
(2887,-7347)
(2887,-7350)
(2891,-7352)
(2894,-7351)
(2895,-7350)
(2895,-7346)
(2894,-7343)
(2898,-7343)
(2902,-7350)
(2902,-7352)
(2904,-7354)
(2906,-7354)
(2904,-7358)
(2905,-7361)
(2908,-7360)
(2910,-7362)
(2911,-7357)
(2907,-7355)
(2909,-7354)
(2907,-7352)
(2907,-7349)
(2912,-7349)
(2915,-7354)
(2915,-7351)
(2913,-7348)
(2913,-7347)
(2916,-7346)
(2922,-7351)
(2924,-7350)
(2925,-7351)
(2927,-7355)
(2925,-7356)
(2923,-7358)
(2923,-7360)
(2926,-7359)
(2928,-7361)
(2927,-7362)
(2929,-7362)
(2932,-7366)
(2935,-7365)
(2936,-7366)
(2936,-7369)
(2937,-7369)
(2938,-7366)
(2937,-7364)
(2939,-7365)
(2940,-7366)
(2940,-7362)
(2940,-7356)
(2940,-7350)
(2940,-7344)
(2940,-7338)
(2940,-7332)
(2940,-7326)
(2940,-7320)
(2940,-7314)
(2940,-7308)
(2940,-7302)
(2940,-7296)
(2940,-7290)
(2940,-7282)
(2940,-7278)
(2940,-7272)
(2940,-7266)
(2940,-7260)
(2940,-7254)
(2940,-7248)
(2940,-7242)
(2940,-7236)
(2940,-7230)
(2940,-7224)
(2940,-7218)
(2940,-7212)
(2940,-7206)
(2940,-7200)
(2940,-7196)
(2940,-7188)
(2940,-7182)
(2940,-7176)
(2940,-7170)
(2940,-7164)
(2940,-7158)
(2940,-7152)
(2940,-7146)
(2940,-7140)
(2940,-7134)
(2940,-7128)
(2940,-7122)
(2940,-7116)
(2940,-7110)
(2940,-7104)
(2940,-7098)
(2940,-7092)
(2940,-7086)
(2940,-7080)
(2940,-7074)
(2940,-7068)
(2940,-7062)
(2940,-7056)
(2940,-7050)
(2940,-7044)
(2940,-7038)
(2940,-7032)
(2940,-7026)
(2940,-7022)
(2940,-7016)
(2940,-7010)
(2940,-7004)
(2940,-6998)
(2940,-6992)
(2940,-6986)
(2940,-6980)
(2940,-6974)
(2940,-6968)
(2940,-6963)
(2940,-6960)
(2940,-6954)
(2940,-6948)
(2940,-6942)
(2940,-6936)
(2940,-6930)
(2940,-6924)
(2940,-6918)
(2940,-6912)
(2940,-6906)
(2940,-6900)
(2940,-6894)
(2940,-6888)
(2940,-6882)
(2940,-6876)
(2940,-6870)
(2940,-6864)
(2940,-6858)
(2940,-6852)
(2940,-6844)
(2940,-6840)
(2940,-6834)
(2940,-6828)
(2940,-6822)
(2940,-6816)
(2940,-6810)
(2940,-6804)
(2940,-6798)
(2940,-6792)
(2940,-6788)
(2940,-6780)
(2940,-6774)
(2940,-6768)
(2940,-6762)
(2940,-6756)
(2940,-6750)
(2940,-6744)
(2940,-6738)
(2940,-6732)
(2940,-6726)
(2940,-6720)
(2940,-6714)
(2940,-6708)
(2940,-6702)
(2940,-6696)
(2940,-6690)
(2940,-6684)
(2940,-6678)
(2940,-6672)
(2940,-6666)
(2940,-6660)
(2940,-6654)
(2940,-6648)
(2940,-6642)
(2940,-6636)
(2940,-6630)
(2940,-6624)
(2940,-6618)
(2940,-6612)
(2940,-6606)
(2940,-6600)
(2940,-6594)
(2940,-6588)
(2940,-6582)
(2940,-6576)
(2940,-6570)
(2940,-6564)
(2940,-6558)
(2940,-6552)
(2940,-6546)
(2940,-6540)
(2940,-6534)
(2940,-6528)
(2940,-6522)
(2940,-6516)
(2940,-6512)
(2940,-6504)
(2940,-6498)
(2940,-6492)
(2940,-6486)
(2940,-6480)
(2940,-6474)
(2940,-6468)
(2940,-6462)
(2940,-6456)
(2940,-6450)
(2940,-6444)
(2940,-6438)
(2940,-6432)
(2940,-6426)
(2940,-6420)
(2940,-6416)
(2940,-6408)
(2940,-6402)
(2940,-6396)
(2940,-6390)
(2940,-6384)
(2940,-6378)
(2940,-6372)
(2940,-6366)
(2940,-6360)
(2940,-6354)
(2940,-6348)
(2940,-6342)
(2940,-6334)
(2940,-6330)
(2940,-6324)
(2940,-6318)
(2940,-6312)
(2940,-6306)
(2940,-6300)
(2940,-6294)
(2940,-6288)
(2940,-6282)
(2940,-6276)
(2940,-6270)
(2940,-6264)
(2940,-6258)
(2940,-6252)
(2940,-6247)
(2940,-6242)
(2940,-6235)
(2940,-6228)
(2940,-6222)
(2940,-6216)
(2940,-6210)
(2940,-6204)
(2940,-6198)
(2940,-6192)
(2940,-6186)
(2940,-6180)
(2940,-6174)
(2940,-6168)
(2940,-6162)
(2940,-6156)
(2940,-6150)
(2940,-6144)
(2940,-6138)
(2940,-6132)
(2940,-6126)
(2940,-6120)
(2940,-6114)
(2940,-6108)
(2940,-6102)
(2940,-6096)
(2940,-6090)
(2940,-6082)
(2940,-6078)
(2940,-6072)
(2940,-6066)
(2940,-6060)
(2940,-6054)
(2940,-6048)
(2940,-6042)
(2940,-6036)
(2940,-6030)
(2940,-6024)
(2940,-6018)
(2940,-6012)
(2940,-6006)
(2940,-6000)
(2940,-5994)
(2940,-5988)
(2940,-5982)
(2940,-5976)
(2940,-5970)
(2940,-5964)
(2940,-5958)
(2940,-5952)
(2940,-5946)
(2940,-5940)
(2940,-5934)
(2940,-5928)
(2940,-5922)
(2940,-5916)
(2940,-5910)
(2940,-5904)
(2940,-5898)
(2940,-5892)
(2940,-5886)
(2940,-5880)
(2940,-5874)
(2940,-5868)
(2940,-5862)
(2940,-5856)
(2940,-5850)
(2940,-5844)
(2940,-5838)
(2940,-5832)
(2940,-5826)
(2940,-5820)
(2940,-5814)
(2940,-5808)
(2940,-5802)
(2940,-5796)
(2940,-5790)
(2940,-5784)
(2940,-5778)
(2940,-5772)
(2940,-5766)
(2940,-5760)
(2940,-5754)
(2940,-5748)
(2940,-5742)
(2940,-5736)
(2940,-5730)
(2940,-5724)
(2940,-5718)
(2940,-5712)
(2940,-5709)
(2944,-5709)
(2948,-5709)
(2952,-5709)
(2956,-5709)
(2960,-5709)
(2963,-5709)
(2962,-5705)
(2962,-5696)
(2959,-5689)
(2950,-5688)
(2938,-5683)
(2933,-5682)
(2927,-5682)
(2925,-5679)
(2923,-5675)
(2922,-5669)
(2923,-5664)
(2922,-5658)
(2922,-5656)
(2919,-5654)
(2918,-5631)
(2917,-5630)
(2911,-5628)
(2911,-5627)
(2911,-5619)
(2912,-5609)
(2914,-5607)
(2916,-5607)
(2918,-5595)
(2917,-5587)
(2917,-5577)
(2915,-5572)
(2912,-5563)
(2912,-5558)
(2910,-5557)
(2909,-5562)
(2907,-5562)
(2906,-5559)
(2907,-5550)
(2904,-5547)
(2899,-5547)
(2894,-5541)
(2895,-5537)
(2898,-5538)
(2900,-5536)
(2901,-5528)
(2901,-5523)
(2895,-5519)
(2894,-5516)
(2894,-5513)
(2892,-5511)
(2892,-5504)
(2889,-5501)
(2887,-5502)
(2886,-5502)
(2886,-5495)
(2883,-5495)
(2883,-5494)
(2883,-5487)
(2882,-5485)
(2883,-5484)
(2885,-5475)
(2889,-5468)
(2894,-5456)
(2894,-5452)
(2894,-5450)
(2891,-5450)
(2890,-5447)
(2887,-5447)
(2885,-5445)
(2887,-5435)
(2885,-5433)
(2886,-5429)
(2886,-5428)
(2886,-5424)
(2887,-5409)
(2886,-5404)
(2885,-5403)
(2881,-5400)
(2879,-5394)
(2882,-5386)
(2881,-5382)
(2880,-5375)
(2879,-5375)
(2880,-5378)
(2878,-5380)
(2878,-5381)
(2877,-5382)
(2873,-5390)
(2867,-5412)
(2863,-5431)
(2857,-5447)
(2846,-5466)
(2832,-5482)
(2826,-5494)
(2821,-5500)
(2820,-5503)
(2816,-5509)
(2809,-5524)
(2807,-5526)
(2806,-5526)
(2802,-5522)
(2801,-5517)
(2802,-5506)
(2805,-5496)
(2807,-5483)
(2812,-5475)
(2813,-5472)
(2812,-5472)
(2811,-5471)
(2813,-5469)
(2812,-5468)
(2812,-5467)
(2813,-5466)
(2813,-5463)
(2815,-5462)
(2817,-5459)
(2816,-5456)
(2818,-5452)
(2817,-5450)
(2817,-5448)
(2814,-5446)
(2813,-5447)
(2809,-5449)
(2807,-5452)
(2805,-5453)
(2802,-5451)
(2800,-5455)
(2797,-5457)
(2796,-5457)
(2796,-5455)
(2798,-5447)
(2800,-5444)
(2800,-5446)
(2801,-5444)
(2802,-5445)
(2798,-5440)
(2796,-5434)
(2796,-5430)
(2794,-5427)
(2795,-5425)
(2797,-5421)
(2797,-5418)
(2801,-5402)
(2810,-5388)
(2810,-5377)
(2811,-5373)
(2811,-5365)
(2813,-5359)
(2816,-5353)
(2820,-5348)
(2820,-5344)
(2821,-5337)
(2827,-5333)
(2834,-5319)
(2833,-5317)
(2828,-5318)
(2827,-5311)
(2825,-5310)
(2822,-5311)
(2823,-5310)
(2819,-5307)
(2811,-5309)
(2808,-5307)
(2806,-5309)
(2810,-5304)
(2812,-5304)
(2812,-5301)
(2814,-5298)
(2818,-5291)
(2818,-5288)
(2814,-5295)
(2810,-5297)
(2814,-5292)
(2816,-5284)
(2814,-5269)
(2813,-5266)
(2813,-5265)
(2810,-5263)
(2811,-5261)
(2809,-5260)
(2809,-5258)
(2808,-5256)
(2805,-5255)
(2799,-5248)
(2798,-5248)
(2796,-5243)
(2792,-5243)
(2791,-5241)
(2790,-5228)
(2792,-5225)
(2793,-5221)
(2792,-5218)
(2790,-5216)
(2787,-5212)
(2787,-5210)
(2789,-5207)
(2790,-5206)
(2787,-5202)
(2787,-5200)
(2786,-5199)
(2794,-5188)
(2793,-5186)
(2801,-5169)
(2800,-5166)
(2802,-5154)
(2801,-5130)
(2806,-5116)
(2807,-5109)
(2806,-5103)
(2807,-5097)
(2803,-5101)
(2794,-5101)
(2792,-5103)
(2790,-5102)
(2789,-5100)
(2790,-5096)
(2789,-5095)
(2787,-5089)
(2790,-5079)
(2789,-5077)
(2787,-5075)
(2786,-5076)
(2785,-5074)
(2787,-5068)
(2790,-5065)
(2790,-5062)
(2790,-5059)
(2786,-5056)
(2781,-5053)
(2777,-5053)
(2775,-5051)
(2772,-5056)
(2771,-5054)
(2771,-5049)
(2769,-5042)
(2766,-5043)
(2762,-5039)
(2762,-5037)
(2761,-5034)
(2758,-5034)
(2757,-5040)
(2759,-5049)
(2759,-5050)
(2760,-5061)
(2759,-5062)
(2760,-5063)
(2761,-5067)
(2759,-5068)
(2760,-5070)
(2759,-5072)
(2762,-5073)
(2763,-5079)
(2762,-5081)
(2759,-5081)
(2758,-5084)
(2756,-5083)
(2755,-5084)
(2753,-5084)
(2752,-5082)
(2751,-5085)
(2753,-5090)
(2755,-5091)
(2756,-5095)
(2761,-5101)
(2764,-5111)
(2764,-5116)
(2766,-5119)
(2766,-5132)
(2758,-5140)
(2759,-5148)
(2758,-5154)
(2757,-5156)
(2756,-5155)
(2758,-5161)
(2758,-5166)
(2758,-5173)
(2756,-5177)
(2754,-5179)
(2749,-5181)
(2745,-5191)
(2743,-5192)
(2743,-5195)
(2740,-5196)
(2740,-5197)
(2737,-5196)
(2736,-5197)
(2738,-5201)
(2741,-5203)
(2742,-5200)
(2747,-5198)
(2747,-5194)
(2748,-5195)
(2751,-5192)
(2753,-5193)
(2754,-5195)
(2750,-5201)
(2752,-5206)
(2749,-5207)
(2744,-5211)
(2743,-5217)
(2741,-5218)
(2750,-5220)
(2754,-5218)
(2755,-5219)
(2749,-5223)
(2742,-5226)
(2740,-5230)
(2732,-5237)
(2725,-5240)
(2714,-5251)
(2710,-5256)
(2706,-5256)
(2704,-5258)
(2699,-5259)
(2696,-5270)
(2693,-5270)
(2683,-5279)
(2680,-5279)
(2679,-5281)
(2675,-5283)
(2673,-5280)
(2673,-5276)
(2675,-5274)
(2677,-5272)
(2679,-5266)
(2688,-5260)
(2691,-5256)
(2691,-5254)
(2690,-5253)
(2692,-5252)
(2691,-5250)
(2693,-5247)
(2690,-5245)
(2688,-5240)
(2681,-5242)
(2672,-5249)
(2662,-5251)
(2660,-5253)
(2657,-5252)
(2654,-5250)
(2651,-5250)
(2649,-5253)
(2646,-5258)
(2635,-5264)
(2630,-5264)
(2626,-5262)
(2621,-5262)
(2614,-5268)
(2609,-5268)
(2601,-5272)
(2595,-5274)
(2590,-5273)
(2587,-5274)
(2585,-5272)
(2581,-5274)
(2579,-5271)
(2572,-5270)
(2567,-5266)
(2563,-5266)
(2558,-5269)
(2550,-5268)
(2544,-5268)
(2541,-5270)
(2534,-5269)
(2527,-5265)
(2524,-5260)
(2517,-5259)
(2510,-5256)
(2503,-5251)
(2501,-5248)
(2500,-5247)
(2501,-5245)
(2499,-5246)
(2498,-5244)
(2497,-5236)
(2498,-5231)
(2501,-5222)
(2506,-5210)
(2511,-5201)
(2516,-5196)
(2528,-5190)
(2537,-5181)
(2547,-5177)
(2554,-5174)
(2565,-5173)
(2580,-5174)
(2593,-5180)
(2596,-5175)
(2596,-5176)
(2594,-5181)
(2616,-5192)
(2618,-5193)
(2621,-5192)
(2626,-5187)
(2628,-5186)
(2635,-5188)
(2637,-5187)
(2640,-5190)
(2644,-5191)
(2650,-5184)
(2662,-5176)
(2669,-5176)
(2675,-5174)
(2682,-5176)
(2685,-5170)
(2685,-5165)
(2695,-5164)
(2695,-5160)
(2697,-5158)
(2699,-5156)
(2697,-5153)
(2697,-5150)
(2704,-5146)
(2706,-5142)
(2711,-5139)
(2713,-5133)
(2712,-5132)
(2709,-5134)
(2709,-5137)
(2703,-5134)
(2702,-5136)
(2699,-5139)
(2699,-5136)
(2698,-5136)
(2691,-5139)
(2689,-5139)
(2687,-5136)
(2692,-5135)
(2694,-5133)
(2694,-5134)
(2696,-5132)
(2699,-5132)
(2700,-5130)
(2698,-5129)
(2693,-5130)
(2690,-5133)
(2686,-5134)
(2686,-5132)
(2695,-5125)
(2700,-5124)
(2706,-5123)
(2712,-5124)
(2716,-5123)
(2719,-5119)
(2723,-5108)
(2722,-5103)
(2724,-5095)
(2725,-5095)
(2726,-5100)
(2728,-5104)
(2732,-5106)
(2736,-5106)
(2738,-5104)
(2743,-5096)
(2746,-5099)
(2746,-5089)
(2748,-5085)
(2746,-5081)
(2744,-5074)
(2740,-5069)
(2740,-5060)
(2738,-5053)
(2736,-5050)
(2731,-5048)
(2730,-5046)
(2730,-5035)
(2726,-5030)
(2725,-5022)
(2723,-5020)
(2721,-5015)
(2721,-5009)
(2717,-5003)
(2716,-5005)
(2714,-5004)
(2710,-5001)
(2709,-4999)
(2706,-4998)
(2705,-4999)
(2704,-4999)
(2703,-4997)
(2702,-4996)
(2702,-4999)
(2705,-5002)
(2704,-5005)
(2703,-5007)
(2701,-5007)
(2700,-5008)
(2696,-5006)
(2693,-5000)
(2689,-4998)
(2681,-4997)
(2675,-4999)
(2660,-5000)
(2659,-5004)
(2655,-5007)
(2656,-5008)
(2657,-5007)
(2657,-5008)
(2657,-5011)
(2655,-5012)
(2643,-5016)
(2643,-5020)
(2640,-5021)
(2641,-5025)
(2639,-5026)
(2640,-5030)
(2637,-5033)
(2635,-5035)
(2633,-5035)
(2631,-5034)
(2630,-5036)
(2625,-5037)
(2622,-5035)
(2619,-5031)
(2616,-5020)
(2620,-5015)
(2623,-5013)
(2624,-5011)
(2622,-5010)
(2623,-5008)
(2631,-5003)
(2634,-5000)
(2635,-5001)
(2635,-5004)
(2636,-4998)
(2639,-4995)
(2640,-4984)
(2641,-4983)
(2643,-4981)
(2644,-4977)
(2641,-4968)
(2636,-4962)
(2628,-4958)
(2615,-4956)
(2608,-4953)
(2596,-4952)
(2587,-4949)
(2581,-4945)
(2578,-4945)
(2574,-4948)
(2569,-4949)
(2566,-4948)
(2557,-4951)
(2554,-4955)
(2553,-4958)
(2554,-4957)
(2556,-4958)
(2557,-4957)
(2559,-4958)
(2561,-4958)
(2562,-4962)
(2559,-4966)
(2559,-4969)
(2557,-4969)
(2556,-4967)
(2554,-4967)
(2554,-4970)
(2552,-4972)
(2550,-4973)
(2547,-4972)
(2544,-4973)
(2542,-4976)
(2541,-4981)
(2537,-4987)
(2534,-4989)
(2525,-4992)
(2521,-4991)
(2522,-4992)
(2519,-4993)
(2519,-4996)
(2516,-4995)
(2517,-4998)
(2516,-4999)
(2513,-5000)
(2513,-5001)
(2509,-5005)
(2506,-5005)
(2506,-5007)
(2504,-5008)
(2503,-5007)
(2502,-5000)
(2503,-4999)
(2499,-4994)
(2496,-4984)
(2493,-4980)
(2492,-4978)
(2492,-4973)
(2493,-4971)
(2495,-4970)
(2493,-4968)
(2493,-4962)
(2491,-4962)
(2489,-4977)
(2488,-4978)
(2488,-4983)
(2487,-4980)
(2486,-4979)
(2487,-4978)
(2486,-4975)
(2489,-4968)
(2488,-4967)
(2487,-4966)
(2488,-4962)
(2486,-4957)
(2488,-4960)
(2490,-4961)
(2486,-4955)
(2483,-4948)
(2486,-4942)
(2487,-4935)
(2490,-4927)
(2491,-4921)
(2490,-4917)
(2489,-4911)
(2490,-4910)
(2490,-4903)
(2495,-4894)
(2504,-4880)
(2510,-4862)
(2518,-4831)
(2525,-4813)
(2530,-4806)
(2529,-4804)
(2529,-4807)
(2527,-4808)
(2528,-4807)
(2536,-4786)
(2542,-4772)
(2549,-4762)
(2554,-4752)
(2554,-4749)
(2563,-4742)
(2567,-4732)
(2570,-4732)
(2577,-4734)
(2579,-4736)
(2580,-4736)
(2582,-4733)
(2583,-4733)
(2584,-4735)
(2585,-4743)
(2590,-4743)
(2596,-4743)
(2599,-4733)
(2600,-4725)
(2603,-4713)
(2603,-4686)
(2600,-4665)
(2595,-4655)
(2595,-4652)
(2597,-4643)
(2598,-4629)
(2597,-4619)
(2595,-4617)
(2596,-4616)
(2598,-4616)
(2600,-4606)
(2601,-4604)
(2600,-4603)
(2603,-4601)
(2605,-4598)
(2608,-4594)
(2609,-4590)
(2612,-4585)
(2611,-4578)
(2612,-4576)
(2615,-4571)
(2616,-4573)
(2618,-4573)
(2620,-4570)
(2620,-4572)
(2619,-4573)
(2624,-4572)
(2629,-4574)
(2632,-4578)
(2634,-4574)
(2632,-4574)
(2632,-4573)
(2634,-4569)
(2637,-4568)
(2639,-4564)
(2640,-4563)
(2640,-4565)
(2639,-4568)
(2638,-4570)
(2639,-4573)
(2640,-4573)
(2643,-4567)
(2643,-4570)
(2644,-4569)
(2644,-4572)
(2645,-4573)
(2644,-4576)
(2642,-4578)
(2644,-4578)
(2645,-4581)
(2647,-4582)
(2653,-4571)
(2656,-4563)
(2661,-4556)
(2663,-4551)
(2665,-4550)
(2665,-4548)
(2667,-4546)
(2669,-4547)
(2669,-4548)
(2677,-4538)
(2690,-4519)
(2696,-4504)
(2699,-4499)
(2699,-4495)
(2701,-4490)
(2700,-4485)
(2700,-4481)
(2700,-4455)
(2701,-4401)
(2701,-4396)
(2701,-4392)
(2701,-4388)
(2701,-4384)
(2701,-4379)
(2701,-4375)
(2701,-4371)
(2701,-4366)
(2701,-4362)
(2701,-4358)
(2701,-4353)
(2701,-4349)
(2701,-4344)
(2701,-4340)
(2701,-4336)
(2701,-4332)
(2701,-4327)
(2701,-4323)
(2701,-4318)
(2701,-4314)
(2701,-4310)
(2701,-4306)
(2701,-4301)
(2701,-4297)
(2701,-4293)
(2701,-4290)
(2705,-4290)
(2707,-4286)
(2712,-4284)
(2715,-4286)
(2715,-4283)
(2717,-4281)
(2718,-4277)
(2715,-4271)
(2715,-4268)
(2717,-4267)
(2718,-4265)
(2719,-4262)
(2721,-4261)
(2721,-4258)
(2718,-4255)
(2714,-4253)
(2718,-4250)
(2719,-4249)
(2725,-4249)
(2726,-4248)
(2726,-4244)
(2724,-4241)
(2724,-4239)
(2726,-4238)
(2730,-4243)
(2734,-4242)
(2740,-4234)
(2743,-4228)
(2743,-4225)
(2745,-4223)
(2749,-4224)
(2755,-4215)
(2757,-4214)
(2759,-4219)
(2762,-4218)
(2764,-4217)
(2765,-4218)
(2766,-4215)
(2769,-4214)
(2772,-4217)
(2777,-4214)
(2779,-4212)
(2781,-4212)
(2782,-4209)
(2786,-4203)
(2802,-4201)
(2848,-4154)
(2846,-4143)
(2838,-4143)
(2836,-4143)
(2831,-4134)
(2834,-4125)
(2835,-4119)
(2837,-4114)
(2838,-4110)
(2837,-4106)
(2838,-4103)
(2840,-4103)
(2842,-4099)
(2840,-4091)
(2838,-4089)
(2832,-4078)
(2827,-4073)
(2824,-4068)
(2757,-4066)
(2756,-4065)
(2753,-4067)
(2750,-4065)
(2747,-4068)
(2742,-4068)
(2740,-4064)
(2741,-4063)
(2738,-4059)
(2736,-4051)
(2737,-4048)
(2735,-4045)
(2732,-4045)
(2730,-4049)
(2726,-4048)
(2724,-4045)
(2716,-4048)
(2712,-4044)
(2709,-4040)
(2710,-4038)
(2712,-4036)
(2711,-4032)
(2710,-4032)
(2710,-4030)
(2705,-4026)
(2704,-4026)
(2699,-4022)
(2696,-4024)
(2698,-4026)
(2697,-4027)
(2695,-4026)
(2694,-4027)
(2696,-4031)
(2695,-4032)
(2693,-4029)
(2690,-4028)
(2693,-4028)
(2692,-4026)
(2694,-4026)
(2692,-4023)
(2690,-4024)
(2691,-4022)
(2695,-4023)
(2692,-4020)
(2692,-4019)
(2690,-4018)
(2687,-4022)
(2687,-4024)
(2686,-4024)
(2685,-4026)
(2683,-4026)
(2680,-4032)
(2680,-4031)
(2680,-4034)
(2681,-4035)
(2680,-4036)
(2679,-4035)
(2679,-4036)
(2680,-4039)
(2683,-4038)
(2683,-4041)
(2682,-4041)
(2683,-4043)
(2682,-4043)
(2681,-4042)
(2679,-4042)
(2678,-4041)
(2678,-4043)
(2677,-4044)
(2681,-4046)
(2681,-4047)
(2677,-4046)
(2677,-4050)
(2679,-4050)
(2678,-4051)
(2680,-4052)
(2680,-4053)
(2679,-4053)
(2678,-4055)
(2678,-4053)
(2673,-4054)
(2673,-4058)
(2674,-4058)
(2675,-4059)
(2673,-4061)
(2671,-4062)
(2671,-4064)
(2677,-4064)
(2673,-4066)
(2673,-4068)
(2676,-4066)
(2677,-4067)
(2675,-4068)
(2676,-4070)
(2673,-4071)
(2674,-4072)
(2670,-4070)
(2670,-4073)
(2665,-4074)
(2666,-4075)
(2670,-4074)
(2670,-4075)
(2666,-4076)
(2666,-4077)
(2671,-4078)
(2669,-4079)
(2669,-4081)
(2668,-4081)
(2667,-4079)
(2665,-4078)
(2664,-4079)
(2665,-4081)
(2664,-4081)
(2661,-4083)
(2662,-4084)
(2663,-4084)
(2664,-4085)
(2665,-4086)
(2668,-4086)
(2669,-4086)
(2671,-4089)
(2668,-4089)
(2669,-4091)
(2672,-4091)
(2672,-4092)
(2669,-4093)
(2670,-4095)
(2672,-4095)
(2672,-4098)
(2671,-4098)
(2671,-4096)
(2668,-4096)
(2668,-4101)
(2666,-4103)
(2665,-4103)
(2665,-4105)
(2670,-4105)
(2670,-4108)
(2669,-4107)
(2664,-4107)
(2664,-4108)
(2667,-4108)
(2665,-4111)
(2666,-4114)
(2663,-4112)
(2659,-4113)
(2659,-4111)
(2657,-4111)
(2657,-4112)
(2656,-4111)
(2655,-4111)
(2658,-4117)
(2659,-4121)
(2662,-4124)
(2660,-4127)
(2660,-4129)
(2663,-4127)
(2663,-4125)
(2664,-4125)
(2665,-4125)
(2665,-4121)
(2667,-4123)
(2667,-4125)
(2664,-4128)
(2666,-4128)
(2674,-4124)
(2675,-4128)
(2669,-4129)
(2668,-4130)
(2668,-4131)
(2670,-4131)
(2669,-4133)
(2667,-4135)
(2666,-4139)
(2661,-4136)
(2658,-4140)
(2653,-4143)
(2646,-4145)
(2646,-4143)
(2644,-4144)
(2643,-4147)
(2641,-4147)
(2640,-4151)
(2639,-4152)
(2638,-4151)
(2636,-4155)
(2638,-4156)
(2641,-4153)
(2641,-4154)
(2637,-4158)
(2640,-4158)
(2639,-4162)
(2641,-4160)
(2642,-4162)
(2644,-4161)
(2644,-4162)
(2643,-4162)
(2643,-4164)
(2641,-4163)
(2640,-4164)
(2640,-4165)
(2631,-4170)
(2635,-4172)
(2631,-4173)
(2634,-4174)
(2636,-4173)
(2638,-4174)
(2641,-4171)
(2642,-4172)
(2641,-4173)
(2638,-4175)
(2634,-4175)
(2631,-4174)
(2630,-4175)
(2632,-4175)
(2631,-4176)
(2633,-4180)
(2636,-4179)
(2636,-4177)
(2637,-4179)
(2640,-4178)
(2642,-4176)
(2642,-4178)
(2641,-4180)
(2635,-4185)
(2633,-4185)
(2633,-4183)
(2630,-4184)
(2632,-4182)
(2631,-4182)
(2627,-4183)
(2626,-4185)
(2639,-4188)
(2642,-4187)
(2644,-4186)
(2645,-4186)
(2644,-4187)
(2640,-4192)
(2638,-4192)
(2639,-4189)
(2625,-4186)
(2623,-4189)
(2625,-4190)
(2626,-4191)
(2628,-4191)
(2631,-4190)
(2631,-4191)
(2633,-4191)
(2633,-4192)
(2632,-4194)
(2631,-4192)
(2628,-4193)
(2628,-4194)
(2629,-4194)
(2628,-4195)
(2624,-4199)
(2631,-4195)
(2632,-4196)
(2631,-4196)
(2625,-4200)
(2626,-4201)
(2632,-4197)
(2631,-4199)
(2630,-4200)
(2632,-4199)
(2633,-4199)
(2630,-4202)
(2630,-4205)
(2627,-4210)
(2625,-4211)
(2623,-4214)
(2620,-4214)
(2620,-4217)
(2619,-4216)
(2619,-4212)
(2615,-4211)
(2614,-4215)
(2615,-4215)
(2614,-4216)
(2612,-4218)
(2614,-4218)
(2614,-4220)
(2610,-4222)
(2608,-4221)
(2609,-4219)
(2608,-4219)
(2602,-4227)
(2601,-4231)
(2596,-4235)
(2593,-4234)
(2592,-4236)
(2591,-4235)
(2590,-4237)
(2585,-4240)
(2587,-4244)
(2584,-4244)
(2583,-4245)
(2583,-4242)
(2576,-4247)
(2573,-4249)
(2572,-4249)
(2571,-4249)
(2563,-4247)
(2560,-4243)
(2560,-4241)
(2561,-4239)
(2561,-4237)
(2560,-4237)
(2558,-4236)
(2557,-4232)
(2557,-4231)
(2555,-4231)
(2555,-4239)
(2554,-4245)
(2551,-4247)
(2549,-4247)
(2547,-4251)
(2545,-4255)
(2542,-4255)
(2540,-4253)
(2538,-4253)
(2536,-4252)
(2534,-4246)
(2533,-4240)
(2530,-4237)
(2527,-4236)
(2522,-4236)
(2519,-4238)
(2518,-4238)
(2516,-4234)
(2515,-4229)
(2510,-4231)
(2506,-4229)
(2504,-4221)
(2504,-4212)
(2506,-4205)
(2509,-4199)
(2514,-4201)
(2516,-4202)
(2514,-4204)
(2517,-4204)
(2520,-4205)
(2523,-4207)
(2523,-4210)
(2521,-4211)
(2525,-4214)
(2525,-4209)
(2524,-4205)
(2522,-4202)
(2518,-4199)
(2514,-4197)
(2510,-4196)
(2504,-4196)
(2500,-4196)
(2493,-4201)
(2500,-4198)
(2500,-4207)
(2497,-4216)
(2498,-4225)
(2494,-4229)
(2492,-4241)
(2504,-4238)
(2505,-4242)
(2495,-4251)
(2498,-4254)
(2493,-4256)
(2492,-4258)
(2490,-4263)
(2491,-4264)
(2492,-4262)
(2494,-4263)
(2492,-4264)
(2493,-4266)
(2492,-4266)
(2491,-4266)
(2490,-4267)
(2488,-4271)
(2490,-4272)
(2498,-4272)
(2508,-4267)
(2503,-4271)
(2503,-4273)
(2502,-4274)
(2500,-4274)
(2499,-4276)
(2500,-4279)
(2505,-4277)
(2503,-4278)
(2505,-4281)
(2509,-4283)
(2508,-4284)
(2504,-4283)
(2502,-4282)
(2500,-4283)
(2502,-4284)
(2501,-4287)
(2499,-4285)
(2496,-4285)
(2494,-4287)
(2492,-4285)
(2489,-4285)
(2482,-4289)
(2483,-4293)
(2481,-4299)
(2480,-4303)
(2479,-4310)
(2479,-4313)
(2480,-4312)
(2480,-4313)
(2481,-4318)
(2479,-4320)
(2479,-4322)
(2481,-4325)
(2478,-4327)
(2479,-4332)
(2478,-4332)
(2479,-4333)
(2477,-4335)
(2477,-4338)
(2478,-4341)
(2479,-4341)
(2481,-4340)
(2482,-4343)
(2481,-4343)
(2479,-4341)
(2477,-4341)
(2477,-4348)
(2475,-4351)
(2476,-4352)
(2475,-4352)
(2476,-4354)
(2477,-4357)
(2475,-4361)
(2476,-4366)
(2475,-4368)
(2475,-4373)
(2478,-4375)
(2473,-4380)
(2473,-4383)
(2470,-4386)
(2469,-4389)
(2470,-4389)
(2471,-4390)
(2470,-4391)
(2470,-4393)
(2468,-4395)
(2467,-4402)
(2463,-4408)
(2463,-4410)
(2462,-4411)
(2461,-4415)
(2461,-4416)
(2460,-4418)
(2457,-4420)
(2457,-4423)
(2452,-4427)
(2452,-4429)
(2449,-4428)
(2448,-4435)
(2443,-4439)
(2443,-4440)
(2445,-4440)
(2452,-4435)
(2461,-4433)
(2464,-4432)
(2471,-4433)
(2475,-4437)
(2478,-4436)
(2479,-4437)
(2476,-4439)
(2472,-4438)
(2470,-4435)
(2461,-4434)
(2458,-4434)
(2452,-4437)
(2447,-4440)
(2443,-4441)
(2440,-4447)
(2440,-4448)
(2443,-4446)
(2442,-4448)
(2439,-4452)
(2435,-4453)
(2433,-4455)
(2430,-4455)
(2428,-4456)
(2427,-4455)
(2426,-4452)
(2427,-4446)
(2424,-4439)
(2428,-4440)
(2427,-4439)
(2424,-4437)
(2417,-4437)
(2405,-4442)
(2405,-4441)
(2403,-4441)
(2387,-4445)
(2393,-4445)
(2398,-4443)
(2403,-4443)
(2403,-4445)
(2402,-4443)
(2401,-4444)
(2400,-4447)
(2398,-4446)
(2396,-4448)
(2395,-4445)
(2393,-4448)
(2391,-4447)
(2389,-4449)
(2386,-4451)
(2382,-4449)
(2374,-4459)
(2371,-4457)
(2371,-4459)
(2372,-4460)
(2372,-4463)
(2373,-4464)
(2371,-4464)
(2369,-4463)
(2366,-4464)
(2368,-4465)
(2366,-4467)
(2364,-4468)
(2364,-4466)
(2361,-4465)
(2358,-4472)
(2362,-4469)
(2361,-4471)
(2360,-4473)
(2358,-4473)
(2358,-4479)
(2357,-4479)
(2356,-4477)
(2357,-4473)
(2353,-4479)
(2347,-4482)
(2347,-4484)
(2347,-4482)
(2345,-4483)
(2342,-4486)
(2342,-4487)
(2340,-4487)
(2337,-4491)
(2335,-4496)
(2336,-4498)
(2337,-4498)
(2341,-4497)
(2348,-4493)
(2351,-4494)
(2352,-4497)
(2351,-4501)
(2353,-4502)
(2351,-4509)
(2352,-4510)
(2354,-4510)
(2356,-4514)
(2357,-4515)
(2358,-4518)
(2361,-4520)
(2360,-4522)
(2366,-4528)
(2368,-4531)
(2370,-4533)
(2369,-4532)
(2370,-4531)
(2374,-4531)
(2377,-4533)
(2379,-4531)
(2381,-4530)
(2383,-4528)
(2384,-4528)
(2385,-4527)
(2390,-4520)
(2393,-4508)
(2394,-4506)
(2395,-4507)
(2397,-4507)
(2398,-4504)
(2400,-4502)
(2398,-4507)
(2394,-4509)
(2394,-4511)
(2392,-4515)
(2391,-4522)
(2388,-4525)
(2387,-4528)
(2383,-4529)
(2380,-4533)
(2379,-4535)
(2377,-4536)
(2373,-4533)
(2368,-4535)
(2365,-4531)
(2361,-4530)
(2359,-4526)
(2355,-4524)
(2350,-4524)
(2345,-4523)
(2338,-4518)
(2335,-4518)
(2328,-4510)
(2327,-4507)
(2328,-4505)
(2318,-4504)
(2322,-4505)
(2322,-4508)
(2319,-4507)
(2319,-4509)
(2318,-4506)
(2316,-4512)
(2315,-4512)
(2315,-4511)
(2314,-4512)
(2315,-4508)
(2314,-4505)
(2315,-4504)
(2317,-4504)
(2316,-4503)
(2314,-4503)
(2307,-4502)
(2300,-4504)
(2307,-4504)
(2307,-4505)
(2306,-4505)
(2306,-4507)
(2304,-4506)
(2305,-4509)
(2305,-4511)
(2304,-4508)
(2301,-4508)
(2301,-4506)
(2300,-4506)
(2294,-4510)
(2294,-4512)
(2296,-4511)
(2294,-4514)
(2287,-4517)
(2287,-4519)
(2285,-4521)
(2281,-4522)
(2278,-4526)
(2276,-4526)
(2275,-4525)
(2274,-4526)
(2272,-4526)
(2268,-4530)
(2261,-4534)
(2255,-4537)
(2254,-4535)
(2250,-4539)
(2253,-4543)
(2251,-4544)
(2250,-4542)
(2249,-4547)
(2247,-4548)
(2244,-4548)
(2242,-4550)
(2234,-4552)
(2231,-4552)
(2231,-4554)
(2233,-4553)
(2229,-4555)
(2228,-4557)
(2236,-4561)
(2239,-4559)
(2239,-4560)
(2243,-4559)
(2243,-4558)
(2245,-4557)
(2245,-4559)
(2246,-4558)
(2248,-4557)
(2249,-4555)
(2250,-4556)
(2249,-4557)
(2250,-4557)
(2253,-4555)
(2253,-4554)
(2254,-4556)
(2255,-4554)
(2256,-4555)
(2257,-4554)
(2257,-4552)
(2259,-4553)
(2260,-4549)
(2262,-4550)
(2263,-4547)
(2264,-4549)
(2266,-4546)
(2268,-4548)
(2267,-4545)
(2268,-4542)
(2269,-4543)
(2270,-4542)
(2270,-4540)
(2274,-4541)
(2274,-4544)
(2277,-4538)
(2278,-4539)
(2279,-4545)
(2278,-4548)
(2276,-4551)
(2277,-4553)
(2278,-4551)
(2279,-4551)
(2279,-4553)
(2282,-4551)
(2282,-4549)
(2286,-4545)
(2285,-4548)
(2285,-4551)
(2286,-4550)
(2288,-4549)
(2288,-4547)
(2289,-4547)
(2289,-4554)
(2287,-4555)
(2288,-4556)
(2292,-4556)
(2294,-4549)
(2295,-4553)
(2297,-4554)
(2304,-4550)
(2304,-4551)
(2299,-4555)
(2295,-4557)
(2299,-4560)
(2300,-4558)
(2302,-4558)
(2302,-4559)
(2299,-4562)
(2297,-4561)
(2294,-4562)
(2297,-4565)
(2298,-4567)
(2300,-4569)
(2303,-4573)
(2300,-4572)
(2299,-4573)
(2309,-4580)
(2310,-4577)
(2309,-4577)
(2309,-4575)
(2312,-4571)
(2313,-4571)
(2314,-4570)
(2315,-4572)
(2313,-4574)
(2314,-4577)
(2316,-4575)
(2317,-4576)
(2317,-4573)
(2318,-4570)
(2316,-4570)
(2316,-4568)
(2314,-4563)
(2315,-4560)
(2316,-4558)
(2319,-4558)
(2316,-4561)
(2317,-4565)
(2318,-4566)
(2319,-4566)
(2319,-4569)
(2321,-4566)
(2321,-4570)
(2323,-4570)
(2321,-4572)
(2323,-4574)
(2325,-4572)
(2326,-4573)
(2326,-4574)
(2323,-4576)
(2323,-4577)
(2327,-4576)
(2325,-4578)
(2321,-4579)
(2321,-4580)
(2326,-4580)
(2330,-4576)
(2329,-4573)
(2328,-4573)
(2326,-4570)
(2328,-4566)
(2327,-4569)
(2328,-4571)
(2331,-4570)
(2332,-4566)
(2333,-4569)
(2335,-4569)
(2333,-4571)
(2336,-4571)
(2338,-4573)
(2336,-4576)
(2335,-4576)
(2335,-4578)
(2335,-4580)
(2333,-4579)
(2331,-4581)
(2334,-4581)
(2342,-4578)
(2339,-4574)
(2340,-4570)
(2341,-4569)
(2342,-4569)
(2344,-4570)
(2344,-4568)
(2345,-4568)
(2348,-4564)
(2347,-4568)
(2347,-4569)
(2348,-4569)
(2347,-4570)
(2347,-4571)
(2345,-4571)
(2342,-4572)
(2342,-4574)
(2347,-4574)
(2349,-4576)
(2359,-4570)
(2360,-4567)
(2362,-4567)
(2362,-4566)
(2362,-4550)
(2364,-4561)
(2368,-4555)
(2368,-4550)
(2370,-4554)
(2372,-4551)
(2375,-4550)
(2374,-4551)
(2368,-4560)
(2369,-4560)
(2373,-4557)
(2376,-4556)
(2373,-4559)
(2374,-4561)
(2374,-4564)
(2369,-4567)
(2367,-4564)
(2362,-4572)
(2363,-4574)
(2368,-4573)
(2368,-4574)
(2367,-4575)
(2363,-4576)
(2360,-4575)
(2359,-4577)
(2364,-4579)
(2363,-4584)
(2362,-4583)
(2362,-4581)
(2361,-4580)
(2360,-4580)
(2360,-4582)
(2358,-4582)
(2360,-4585)
(2359,-4586)
(2356,-4583)
(2356,-4585)
(2358,-4587)
(2358,-4589)
(2355,-4586)
(2354,-4583)
(2353,-4585)
(2353,-4589)
(2354,-4589)
(2356,-4594)
(2355,-4597)
(2354,-4595)
(2353,-4594)
(2353,-4591)
(2351,-4591)
(2350,-4589)
(2350,-4587)
(2346,-4585)
(2344,-4585)
(2345,-4587)
(2346,-4591)
(2345,-4591)
(2343,-4585)
(2341,-4584)
(2340,-4584)
(2340,-4586)
(2339,-4587)
(2341,-4590)
(2344,-4593)
(2344,-4594)
(2336,-4587)
(2335,-4587)
(2338,-4591)
(2337,-4592)
(2336,-4592)
(2334,-4589)
(2333,-4590)
(2333,-4592)
(2332,-4591)
(2330,-4592)
(2331,-4589)
(2330,-4589)
(2326,-4593)
(2324,-4593)
(2323,-4591)
(2312,-4590)
(2305,-4584)
(2302,-4582)
(2300,-4585)
(2301,-4587)
(2302,-4588)
(2303,-4589)
(2305,-4594)
(2309,-4598)
(2321,-4601)
(2309,-4600)
(2304,-4595)
(2302,-4590)
(2299,-4589)
(2298,-4587)
(2298,-4582)
(2294,-4583)
(2290,-4579)
(2288,-4579)
(2286,-4580)
(2283,-4579)
(2287,-4585)
(2291,-4586)
(2292,-4586)
(2292,-4587)
(2290,-4587)
(2288,-4588)
(2290,-4590)
(2288,-4590)
(2288,-4591)
(2292,-4594)
(2294,-4597)
(2294,-4605)
(2295,-4607)
(2302,-4609)
(2304,-4612)
(2297,-4610)
(2296,-4610)
(2296,-4612)
(2301,-4618)
(2309,-4621)
(2306,-4622)
(2305,-4625)
(2306,-4626)
(2307,-4626)
(2307,-4628)
(2304,-4627)
(2302,-4631)
(2302,-4632)
(2304,-4635)
(2309,-4636)
(2313,-4634)
(2314,-4630)
(2315,-4632)
(2316,-4631)
(2317,-4627)
(2321,-4626)
(2322,-4621)
(2325,-4620)
(2327,-4621)
(2332,-4621)
(2334,-4623)
(2334,-4624)
(2331,-4622)
(2324,-4622)
(2322,-4627)
(2321,-4628)
(2322,-4628)
(2322,-4629)
(2321,-4630)
(2319,-4628)
(2318,-4630)
(2318,-4632)
(2319,-4632)
(2319,-4634)
(2315,-4636)
(2314,-4635)
(2313,-4637)
(2312,-4637)
(2310,-4638)
(2304,-4638)
(2306,-4640)
(2306,-4641)
(2302,-4637)
(2301,-4640)
(2300,-4635)
(2301,-4629)
(2304,-4622)
(2303,-4620)
(2301,-4620)
(2300,-4620)
(2299,-4623)
(2295,-4617)
(2292,-4617)
(2290,-4611)
(2290,-4606)
(2288,-4604)
(2289,-4601)
(2288,-4598)
(2289,-4596)
(2287,-4595)
(2284,-4591)
(2282,-4592)
(2281,-4592)
(2281,-4588)
(2280,-4587)
(2279,-4588)
(2279,-4585)
(2274,-4574)
(2273,-4574)
(2269,-4575)
(2271,-4578)
(2271,-4579)
(2267,-4577)
(2265,-4578)
(2264,-4579)
(2262,-4577)
(2262,-4579)
(2260,-4579)
(2260,-4580)
(2258,-4579)
(2258,-4578)
(2257,-4579)
(2257,-4582)
(2259,-4585)
(2260,-4585)
(2259,-4586)
(2262,-4588)
(2259,-4589)
(2260,-4591)
(2262,-4591)
(2265,-4594)
(2267,-4595)
(2267,-4597)
(2269,-4597)
(2269,-4599)
(2270,-4600)
(2270,-4603)
(2275,-4606)
(2277,-4610)
(2279,-4610)
(2280,-4613)
(2285,-4616)
(2287,-4622)
(2290,-4623)
(2290,-4628)
(2288,-4626)
(2289,-4623)
(2286,-4622)
(2284,-4616)
(2283,-4615)
(2279,-4614)
(2278,-4612)
(2275,-4610)
(2274,-4607)
(2268,-4603)
(2267,-4601)
(2266,-4600)
(2265,-4597)
(2258,-4592)
(2257,-4586)
(2255,-4584)
(2254,-4577)
(2253,-4579)
(2253,-4583)
(2252,-4584)
(2249,-4578)
(2250,-4577)
(2251,-4577)
(2250,-4575)
(2249,-4575)
(2248,-4577)
(2246,-4574)
(2243,-4574)
(2239,-4576)
(2241,-4578)
(2243,-4579)
(2242,-4581)
(2243,-4582)
(2246,-4584)
(2245,-4586)
(2243,-4584)
(2243,-4587)
(2242,-4587)
(2240,-4584)
(2239,-4586)
(2239,-4583)
(2237,-4582)
(2236,-4587)
(2239,-4595)
(2244,-4599)
(2246,-4601)
(2252,-4606)
(2252,-4607)
(2250,-4608)
(2249,-4605)
(2238,-4596)
(2234,-4587)
(2234,-4582)
(2230,-4583)
(2230,-4579)
(2228,-4577)
(2226,-4580)
(2226,-4576)
(2225,-4576)
(2220,-4577)
(2220,-4582)
(2218,-4584)
(2223,-4588)
(2224,-4591)
(2226,-4592)
(2225,-4593)
(2228,-4597)
(2231,-4597)
(2233,-4598)
(2233,-4604)
(2232,-4605)
(2233,-4606)
(2235,-4610)
(2236,-4611)
(2239,-4612)
(2236,-4612)
(2234,-4615)
(2239,-4620)
(2237,-4623)
(2240,-4625)
(2239,-4628)
(2240,-4634)
(2241,-4635)
(2239,-4636)
(2239,-4637)
(2237,-4631)
(2237,-4626)
(2236,-4624)
(2237,-4620)
(2234,-4618)
(2232,-4614)
(2232,-4608)
(2229,-4604)
(2231,-4600)
(2223,-4599)
(2222,-4595)
(2221,-4594)
(2220,-4595)
(2218,-4589)
(2216,-4590)
(2214,-4589)
(2212,-4591)
(2211,-4591)
(2214,-4585)
(2213,-4581)
(2212,-4579)
(2211,-4578)
(2213,-4579)
(2215,-4578)
(2216,-4579)
(2218,-4576)
(2215,-4570)
(2215,-4566)
(2214,-4564)
(2215,-4560)
(2193,-4550)
(2176,-4547)
(2167,-4543)
(2154,-4534)
(2147,-4531)
(2151,-4535)
(2154,-4536)
(2160,-4540)
(2160,-4543)
(2161,-4543)
(2160,-4542)
(2161,-4541)
(2162,-4541)
(2163,-4541)
(2164,-4544)
(2171,-4545)
(2177,-4549)
(2184,-4550)
(2192,-4553)
(2196,-4553)
(2203,-4556)
(2202,-4558)
(2195,-4559)
(2192,-4557)
(2194,-4557)
(2194,-4555)
(2189,-4554)
(2190,-4558)
(2191,-4558)
(2195,-4563)
(2192,-4561)
(2190,-4562)
(2186,-4558)
(2186,-4559)
(2185,-4559)
(2181,-4556)
(2184,-4557)
(2184,-4556)
(2185,-4556)
(2186,-4555)
(2181,-4555)
(2176,-4552)
(2164,-4547)
(2166,-4551)
(2170,-4552)
(2173,-4555)
(2174,-4554)
(2175,-4557)
(2177,-4556)
(2179,-4558)
(2179,-4560)
(2176,-4557)
(2174,-4558)
(2173,-4557)
(2172,-4558)
(2170,-4554)
(2171,-4561)
(2173,-4563)
(2175,-4566)
(2177,-4568)
(2178,-4572)
(2179,-4571)
(2179,-4572)
(2177,-4573)
(2175,-4569)
(2173,-4567)
(2170,-4563)
(2169,-4564)
(2167,-4570)
(2169,-4573)
(2173,-4577)
(2172,-4577)
(2169,-4575)
(2168,-4574)
(2166,-4572)
(2166,-4573)
(2169,-4582)
(2171,-4584)
(2171,-4585)
(2172,-4588)
(2170,-4586)
(2167,-4583)
(2166,-4579)
(2165,-4582)
(2165,-4585)
(2164,-4586)
(2163,-4585)
(2160,-4591)
(2161,-4595)
(2163,-4597)
(2162,-4599)
(2163,-4601)
(2166,-4602)
(2167,-4603)
(2170,-4604)
(2174,-4603)
(2177,-4600)
(2179,-4603)
(2177,-4602)
(2173,-4605)
(2168,-4606)
(2160,-4602)
(2160,-4601)
(2157,-4604)
(2156,-4599)
(2157,-4592)
(2159,-4584)
(2158,-4583)
(2156,-4583)
(2157,-4581)
(2155,-4577)
(2156,-4576)
(2156,-4578)
(2158,-4577)
(2160,-4570)
(2159,-4563)
(2157,-4561)
(2157,-4564)
(2155,-4564)
(2156,-4561)
(2152,-4563)
(2152,-4565)
(2151,-4563)
(2147,-4563)
(2148,-4567)
(2147,-4567)
(2145,-4563)
(2143,-4563)
(2141,-4562)
(2141,-4566)
(2142,-4568)
(2141,-4568)
(2140,-4566)
(2139,-4562)
(2143,-4560)
(2153,-4559)
(2155,-4556)
(2153,-4554)
(2152,-4552)
(2153,-4551)
(2156,-4554)
(2155,-4551)
(2156,-4549)
(2157,-4552)
(2158,-4551)
(2158,-4549)
(2156,-4549)
(2153,-4545)
(2149,-4543)
(2146,-4544)
(2144,-4543)
(2141,-4543)
(2142,-4546)
(2141,-4546)
(2138,-4544)
(2137,-4545)
(2136,-4547)
(2134,-4547)
(2134,-4549)
(2134,-4550)
(2135,-4549)
(2135,-4552)
(2138,-4553)
(2137,-4554)
(2135,-4554)
(2133,-4555)
(2131,-4559)
(2130,-4558)
(2129,-4560)
(2128,-4560)
(2125,-4562)
(2126,-4563)
(2125,-4564)
(2123,-4564)
(2122,-4568)
(2120,-4569)
(2121,-4570)
(2121,-4574)
(2122,-4575)
(2121,-4576)
(2121,-4577)
(2125,-4581)
(2123,-4582)
(2121,-4581)
(2120,-4582)
(2121,-4583)
(2122,-4585)
(2122,-4583)
(2123,-4584)
(2125,-4583)
(2128,-4584)
(2127,-4586)
(2124,-4586)
(2124,-4589)
(2122,-4587)
(2123,-4590)
(2125,-4591)
(2126,-4590)
(2126,-4593)
(2128,-4593)
(2130,-4595)
(2130,-4589)
(2132,-4588)
(2133,-4595)
(2132,-4597)
(2131,-4599)
(2130,-4597)
(2128,-4597)
(2124,-4595)
(2123,-4595)
(2124,-4599)
(2126,-4599)
(2125,-4605)
(2126,-4608)
(2127,-4609)
(2128,-4615)
(2132,-4623)
(2129,-4621)
(2128,-4619)
(2126,-4619)
(2125,-4611)
(2124,-4610)
(2122,-4603)
(2121,-4602)
(2118,-4592)
(2118,-4590)
(2116,-4588)
(2113,-4589)
(2114,-4594)
(2113,-4591)
(2112,-4592)
(2113,-4595)
(2112,-4596)
(2110,-4600)
(2109,-4595)
(2109,-4594)
(2110,-4595)
(2110,-4594)
(2109,-4593)
(2108,-4593)
(2106,-4595)
(2105,-4597)
(2105,-4596)
(2104,-4596)
(2099,-4607)
(2100,-4611)
(2104,-4617)
(2104,-4619)
(2109,-4625)
(2099,-4617)
(2097,-4614)
(2096,-4608)
(2094,-4605)
(2099,-4598)
(2099,-4596)
(2097,-4596)
(2096,-4593)
(2096,-4592)
(2098,-4594)
(2099,-4594)
(2100,-4592)
(2098,-4590)
(2099,-4589)
(2101,-4589)
(2104,-4587)
(2103,-4586)
(2101,-4586)
(2099,-4585)
(2098,-4588)
(2096,-4587)
(2097,-4585)
(2096,-4583)
(2098,-4583)
(2098,-4579)
(2101,-4581)
(2101,-4579)
(2099,-4577)
(2098,-4576)
(2096,-4578)
(2096,-4581)
(2093,-4580)
(2092,-4583)
(2093,-4584)
(2090,-4585)
(2086,-4590)
(2084,-4590)
(2084,-4595)
(2086,-4595)
(2087,-4594)
(2089,-4597)
(2083,-4597)
(2083,-4600)
(2085,-4600)
(2088,-4601)
(2085,-4606)
(2085,-4603)
(2083,-4602)
(2084,-4612)
(2083,-4615)
(2081,-4626)
(2083,-4625)
(2084,-4627)
(2085,-4627)
(2085,-4628)
(2083,-4627)
(2081,-4628)
(2081,-4630)
(2079,-4630)
(2073,-4640)
(2075,-4644)
(2079,-4640)
(2082,-4643)
(2084,-4642)
(2084,-4645)
(2085,-4646)
(2081,-4646)
(2081,-4644)
(2078,-4642)
(2077,-4643)
(2076,-4647)
(2075,-4645)
(2073,-4642)
(2072,-4643)
(2071,-4642)
(2070,-4648)
(2063,-4660)
(2060,-4663)
(2053,-4669)
(2049,-4672)
(2043,-4673)
(2036,-4675)
(2036,-4676)
(2039,-4675)
(2046,-4675)
(2051,-4677)
(2041,-4677)
(2033,-4681)
(2035,-4694)
(2034,-4701)
(2037,-4702)
(2034,-4704)
(2031,-4713)
(2032,-4713)
(2033,-4713)
(2032,-4716)
(2031,-4714)
(2030,-4719)
(2027,-4725)
(2022,-4732)
(2018,-4736)
(2005,-4748)
(1993,-4751)
(1998,-4752)
(1999,-4756)
(2002,-4755)
(2006,-4751)
(2002,-4756)
(1997,-4758)
(1994,-4753)
(1991,-4753)
(1991,-4751)
(1988,-4754)
(1990,-4755)
(1990,-4756)
(1988,-4755)
(1987,-4756)
(1988,-4757)
(1989,-4760)
(1988,-4758)
(1987,-4757)
(1983,-4763)
(1981,-4763)
(1979,-4770)
(1981,-4770)
(1982,-4772)
(1980,-4775)
(1977,-4778)
(1975,-4777)
(1976,-4775)
(1975,-4775)
(1971,-4782)
(1968,-4784)
(1966,-4790)
(1966,-4792)
(1967,-4793)
(1967,-4794)
(1971,-4793)
(1971,-4794)
(1970,-4794)
(1971,-4797)
(1967,-4796)
(1968,-4798)
(1967,-4798)
(1966,-4797)
(1965,-4794)
(1964,-4793)
(1964,-4792)
(1963,-4792)
(1961,-4793)
(1959,-4797)
(1959,-4801)
(1958,-4801)
(1957,-4799)
(1956,-4800)
(1956,-4805)
(1953,-4810)
(1957,-4814)
(1957,-4816)
(1956,-4815)
(1954,-4812)
(1949,-4820)
(1952,-4822)
(1950,-4822)
(1948,-4824)
(1950,-4826)
(1950,-4829)
(1953,-4833)
(1951,-4832)
(1951,-4840)
(1950,-4841)
(1949,-4833)
(1950,-4832)
(1948,-4829)
(1947,-4835)
(1947,-4829)
(1945,-4827)
(1944,-4828)
(1943,-4830)
(1942,-4833)
(1941,-4833)
(1942,-4828)
(1944,-4826)
(1941,-4827)
(1941,-4828)
(1940,-4827)
(1939,-4828)
(1935,-4838)
(1936,-4839)
(1939,-4838)
(1943,-4838)
(1941,-4839)
(1942,-4840)
(1947,-4839)
(1948,-4839)
(1947,-4841)
(1947,-4840)
(1942,-4841)
(1938,-4840)
(1939,-4842)
(1943,-4846)
(1948,-4848)
(1950,-4847)
(1950,-4848)
(1952,-4850)
(1952,-4851)
(1949,-4849)
(1944,-4848)
(1943,-4847)
(1939,-4848)
(1935,-4845)
(1935,-4842)
(1933,-4840)
(1929,-4843)
(1926,-4849)
(1931,-4847)
(1935,-4847)
(1933,-4847)
(1932,-4847)
(1929,-4850)
(1927,-4850)
(1923,-4854)
(1921,-4853)
(1921,-4851)
(1920,-4850)
(1918,-4852)
(1917,-4854)
(1919,-4856)
(1915,-4858)
(1914,-4856)
(1912,-4859)
(1913,-4863)
(1915,-4866)
(1913,-4867)
(1913,-4865)
(1912,-4865)
(1912,-4868)
(1911,-4868)
(1909,-4862)
(1906,-4865)
(1904,-4867)
(1906,-4876)
(1905,-4876)
(1904,-4873)
(1902,-4871)
(1900,-4874)
(1900,-4869)
(1901,-4870)
(1902,-4868)
(1896,-4868)
(1894,-4870)
(1894,-4871)
(1897,-4872)
(1898,-4874)
(1896,-4872)
(1894,-4873)
(1893,-4875)
(1894,-4878)
(1893,-4880)
(1892,-4878)
(1892,-4876)
(1889,-4877)
(1892,-4874)
(1892,-4870)
(1886,-4875)
(1883,-4876)
(1884,-4877)
(1886,-4878)
(1886,-4880)
(1881,-4877)
(1880,-4877)
(1881,-4886)
(1882,-4888)
(1882,-4889)
(1880,-4885)
(1879,-4880)
(1877,-4877)
(1876,-4876)
(1873,-4877)
(1873,-4878)
(1873,-4879)
(1868,-4883)
(1869,-4885)
(1872,-4884)
(1873,-4886)
(1871,-4888)
(1867,-4887)
(1868,-4890)
(1864,-4886)
(1866,-4886)
(1867,-4884)
(1865,-4884)
(1861,-4886)
(1865,-4889)
(1865,-4891)
(1861,-4887)
(1859,-4888)
(1859,-4891)
(1858,-4890)
(1858,-4887)
(1853,-4890)
(1851,-4889)
(1851,-4892)
(1850,-4891)
(1848,-4891)
(1846,-4889)
(1843,-4890)
(1841,-4889)
(1842,-4887)
(1841,-4886)
(1834,-4887)
(1831,-4886)
(1833,-4888)
(1837,-4889)
(1837,-4890)
(1833,-4890)
(1828,-4885)
(1824,-4885)
(1823,-4883)
(1816,-4883)
(1807,-4880)
(1794,-4877)
(1792,-4876)
(1788,-4875)
(1775,-4870)
(1755,-4861)
(1745,-4855)
(1744,-4855)
(1743,-4854)
(1723,-4841)
(1719,-4838)
(1714,-4834)
(1708,-4832)
(1707,-4832)
(1704,-4836)
(1692,-4835)
(1685,-4834)
(1675,-4828)
(1672,-4827)
(1676,-4830)
(1680,-4832)
(1683,-4834)
(1693,-4837)
(1704,-4837)
(1711,-4835)
(1716,-4836)
(1716,-4840)
(1715,-4841)
(1717,-4846)
(1719,-4847)
(1721,-4847)
(1722,-4845)
(1724,-4845)
(1727,-4851)
(1719,-4849)
(1716,-4848)
(1705,-4845)
(1683,-4835)
(1662,-4824)
(1645,-4818)
(1631,-4811)
(1633,-4813)
(1633,-4816)
(1634,-4817)
(1634,-4819)
(1631,-4816)
(1632,-4813)
(1629,-4810)
(1628,-4809)
(1617,-4804)
(1616,-4807)
(1615,-4804)
(1607,-4802)
(1606,-4803)
(1601,-4802)
(1594,-4802)
(1592,-4803)
(1591,-4803)
(1577,-4805)
(1567,-4806)
(1566,-4807)
(1564,-4806)
(1557,-4807)
(1549,-4807)
(1546,-4808)
(1549,-4808)
(1554,-4808)
(1549,-4811)
(1545,-4811)
(1544,-4815)
(1539,-4816)
(1537,-4819)
(1532,-4819)
(1529,-4821)
(1526,-4820)
(1524,-4820)
(1523,-4819)
(1520,-4821)
(1520,-4822)
(1514,-4826)
(1512,-4825)
(1511,-4824)
(1512,-4825)
(1515,-4827)
(1513,-4830)
(1513,-4828)
(1510,-4827)
(1511,-4827)
(1513,-4829)
(1512,-4831)
(1513,-4831)
(1514,-4830)
(1515,-4832)
(1514,-4835)
(1511,-4836)
(1511,-4839)
(1510,-4839)
(1510,-4841)
(1508,-4843)
(1509,-4846)
(1509,-4848)
(1510,-4849)
(1511,-4851)
(1508,-4855)
(1507,-4865)
(1510,-4869)
(1514,-4871)
(1520,-4868)
(1516,-4864)
(1514,-4859)
(1513,-4860)
(1512,-4859)
(1513,-4855)
(1515,-4855)
(1519,-4859)
(1520,-4862)
(1523,-4869)
(1528,-4870)
(1530,-4872)
(1533,-4871)
(1534,-4874)
(1538,-4875)
(1539,-4876)
(1542,-4877)
(1542,-4879)
(1543,-4880)
(1546,-4881)
(1547,-4879)
(1549,-4881)
(1551,-4884)
(1552,-4888)
(1553,-4888)
(1553,-4891)
(1555,-4893)
(1554,-4895)
(1555,-4895)
(1557,-4897)
(1555,-4899)
(1554,-4904)
(1557,-4904)
(1556,-4902)
(1557,-4900)
(1559,-4900)
(1558,-4903)
(1560,-4904)
(1561,-4904)
(1564,-4906)
(1568,-4907)
(1566,-4908)
(1576,-4910)
(1577,-4909)
(1581,-4911)
(1581,-4910)
(1586,-4911)
(1589,-4913)
(1587,-4912)
(1586,-4913)
(1588,-4917)
(1589,-4921)
(1591,-4920)
(1590,-4919)
(1592,-4916)
(1598,-4913)
(1601,-4909)
(1601,-4908)
(1603,-4907)
(1600,-4914)
(1593,-4917)
(1592,-4919)
(1592,-4920)
(1591,-4922)
(1593,-4924)
(1596,-4923)
(1602,-4925)
(1607,-4923)
(1612,-4923)
(1614,-4926)
(1616,-4923)
(1617,-4920)
(1620,-4919)
(1618,-4921)
(1618,-4923)
(1617,-4924)
(1618,-4927)
(1615,-4929)
(1618,-4931)
(1617,-4932)
(1618,-4934)
(1620,-4934)
(1621,-4936)
(1620,-4936)
(1620,-4935)
(1617,-4934)
(1616,-4931)
(1612,-4930)
(1607,-4929)
(1607,-4930)
(1609,-4930)
(1608,-4932)
(1610,-4938)
(1612,-4939)
(1613,-4939)
(1616,-4941)
(1617,-4942)
(1614,-4941)
(1623,-4946)
(1631,-4950)
(1632,-4950)
(1631,-4949)
(1633,-4950)
(1633,-4951)
(1636,-4954)
(1638,-4953)
(1637,-4953)
(1637,-4952)
(1644,-4955)
(1647,-4960)
(1647,-4961)
(1651,-4964)
(1649,-4962)
(1648,-4959)
(1649,-4958)
(1649,-4960)
(1651,-4960)
(1650,-4956)
(1651,-4958)
(1651,-4956)
(1653,-4954)
(1653,-4957)
(1653,-4955)
(1658,-4953)
(1660,-4951)
(1664,-4948)
(1667,-4944)
(1669,-4943)
(1675,-4945)
(1676,-4947)
(1674,-4949)
(1669,-4949)
(1670,-4952)
(1671,-4953)
(1672,-4952)
(1676,-4952)
(1677,-4954)
(1678,-4957)
(1679,-4956)
(1681,-4959)
(1680,-4959)
(1682,-4961)
(1680,-4961)
(1678,-4961)
(1677,-4958)
(1677,-4962)
(1676,-4963)
(1674,-4959)
(1673,-4958)
(1673,-4954)
(1671,-4956)
(1669,-4956)
(1667,-4957)
(1662,-4958)
(1661,-4960)
(1662,-4961)
(1664,-4961)
(1664,-4963)
(1667,-4965)
(1670,-4969)
(1669,-4969)
(1663,-4964)
(1659,-4963)
(1662,-4965)
(1664,-4965)
(1668,-4970)
(1672,-4971)
(1676,-4970)
(1677,-4969)
(1673,-4970)
(1676,-4969)
(1684,-4966)
(1686,-4966)
(1689,-4968)
(1691,-4968)
(1692,-4966)
(1697,-4964)
(1698,-4963)
(1698,-4964)
(1699,-4964)
(1706,-4960)
(1710,-4960)
(1712,-4958)
(1718,-4959)
(1719,-4958)
(1720,-4959)
(1722,-4958)
(1725,-4958)
(1725,-4959)
(1728,-4961)
(1729,-4960)
(1728,-4959)
(1727,-4958)
(1728,-4958)
(1733,-4958)
(1735,-4961)
(1738,-4964)
(1740,-4964)
(1740,-4965)
(1744,-4965)
(1746,-4968)
(1747,-4967)
(1748,-4968)
(1750,-4968)
(1750,-4970)
(1751,-4971)
(1750,-4972)
(1750,-4974)
(1751,-4978)
(1750,-4980)
(1751,-4983)
(1752,-4983)
(1753,-4984)
(1754,-4984)
(1756,-4985)
(1758,-4989)
(1760,-4989)
(1765,-4993)
(1766,-4997)
(1770,-5001)
(1771,-5004)
(1775,-5004)
(1776,-5003)
(1779,-5004)
(1781,-5008)
(1785,-5015)
(1789,-5015)
(1795,-5021)
(1798,-5026)
(1799,-5027)
(1798,-5028)
(1799,-5030)
(1801,-5033)
(1806,-5041)
(1806,-5048)
(1804,-5050)
(1806,-5052)
(1805,-5054)
(1806,-5055)
(1806,-5056)
(1804,-5057)
(1804,-5060)
(1803,-5062)
(1801,-5062)
(1801,-5063)
(1799,-5063)
(1799,-5061)
(1798,-5061)
(1799,-5065)
(1801,-5067)
(1799,-5068)
(1799,-5067)
(1798,-5066)
(1796,-5060)
(1793,-5061)
(1793,-5063)
(1794,-5062)
(1795,-5063)
(1795,-5067)
(1794,-5069)
(1795,-5071)
(1793,-5074)
(1787,-5085)
(1784,-5093)
(1784,-5094)
(1787,-5092)
(1788,-5092)
(1787,-5095)
(1785,-5097)
(1785,-5098)
(1782,-5101)
(1783,-5105)
(1782,-5111)
(1781,-5120)
(1781,-5122)
(1783,-5123)
(1787,-5125)
(1791,-5125)
(1792,-5124)
(1791,-5124)
(1785,-5123)
(1781,-5121)
(1782,-5118)
(1789,-5118)
(1795,-5123)
(1797,-5126)
(1798,-5131)
(1802,-5134)
(1800,-5131)
(1799,-5129)
(1807,-5141)
(1808,-5140)
(1807,-5137)
(1806,-5137)
(1805,-5132)
(1804,-5131)
(1801,-5127)
(1802,-5124)
(1803,-5124)
(1803,-5125)
(1804,-5126)
(1802,-5127)
(1803,-5129)
(1806,-5129)
(1806,-5131)
(1808,-5130)
(1807,-5132)
(1808,-5134)
(1807,-5134)
(1809,-5138)
(1808,-5138)
(1811,-5143)
(1812,-5142)
(1815,-5140)
(1815,-5136)
(1817,-5135)
(1817,-5133)
(1819,-5134)
(1816,-5137)
(1817,-5139)
(1816,-5141)
(1814,-5143)
(1817,-5143)
(1817,-5145)
(1819,-5145)
(1817,-5146)
(1817,-5150)
(1815,-5151)
(1814,-5150)
(1815,-5148)
(1814,-5146)
(1814,-5145)
(1813,-5144)
(1810,-5145)
(1809,-5142)
(1808,-5143)
(1809,-5144)
(1808,-5144)
(1813,-5152)
(1818,-5165)
(1822,-5179)
(1824,-5191)
(1825,-5189)
(1824,-5184)
(1824,-5180)
(1826,-5179)
(1824,-5177)
(1824,-5174)
(1825,-5176)
(1826,-5175)
(1822,-5166)
(1824,-5167)
(1826,-5167)
(1827,-5169)
(1828,-5168)
(1829,-5168)
(1828,-5170)
(1828,-5172)
(1830,-5172)
(1829,-5174)
(1830,-5176)
(1829,-5181)
(1827,-5185)
(1829,-5186)
(1831,-5185)
(1831,-5187)
(1830,-5188)
(1831,-5189)
(1830,-5189)
(1828,-5190)
(1826,-5193)
(1827,-5196)
(1825,-5195)
(1825,-5207)
(1821,-5231)
(1823,-5231)
(1825,-5220)
(1827,-5216)
(1826,-5213)
(1828,-5214)
(1830,-5221)
(1833,-5220)
(1834,-5218)
(1834,-5220)
(1835,-5220)
(1836,-5221)
(1834,-5221)
(1833,-5222)
(1827,-5225)
(1827,-5226)
(1832,-5226)
(1832,-5228)
(1833,-5227)
(1835,-5230)
(1835,-5231)
(1832,-5231)
(1830,-5229)
(1828,-5229)
(1825,-5232)
(1824,-5235)
(1821,-5236)
(1821,-5238)
(1819,-5238)
(1816,-5250)
(1817,-5252)
(1818,-5250)
(1819,-5247)
(1820,-5249)
(1820,-5246)
(1821,-5245)
(1822,-5245)
(1824,-5245)
(1826,-5240)
(1827,-5241)
(1829,-5245)
(1826,-5244)
(1824,-5246)
(1821,-5248)
(1821,-5251)
(1820,-5251)
(1819,-5252)
(1819,-5255)
(1820,-5255)
(1821,-5257)
(1818,-5256)
(1818,-5254)
(1817,-5254)
(1814,-5264)
(1814,-5277)
(1813,-5280)
(1814,-5281)
(1814,-5278)
(1816,-5276)
(1814,-5272)
(1816,-5267)
(1817,-5265)
(1821,-5270)
(1824,-5269)
(1825,-5269)
(1824,-5270)
(1823,-5271)
(1825,-5275)
(1828,-5275)
(1829,-5277)
(1833,-5274)
(1836,-5275)
(1840,-5277)
(1841,-5280)
(1844,-5281)
(1842,-5281)
(1839,-5283)
(1836,-5283)
(1835,-5285)
(1831,-5286)
(1822,-5287)
(1819,-5288)
(1820,-5289)
(1820,-5292)
(1822,-5292)
(1824,-5298)
(1823,-5298)
(1824,-5301)
(1823,-5304)
(1821,-5304)
(1821,-5306)
(1819,-5308)
(1821,-5310)
(1821,-5314)
(1824,-5316)
(1822,-5317)
(1821,-5321)
(1821,-5324)
(1823,-5327)
(1826,-5331)
(1826,-5335)
(1825,-5339)
(1824,-5332)
(1822,-5343)
(1821,-5345)
(1819,-5355)
(1819,-5356)
(1821,-5355)
(1822,-5358)
(1822,-5360)
(1821,-5361)
(1821,-5359)
(1818,-5359)
(1815,-5365)
(1811,-5367)
(1812,-5368)
(1811,-5371)
(1809,-5375)
(1809,-5377)
(1810,-5375)
(1811,-5376)
(1810,-5378)
(1811,-5385)
(1814,-5385)
(1813,-5388)
(1814,-5391)
(1815,-5392)
(1816,-5399)
(1819,-5400)
(1821,-5403)
(1823,-5412)
(1822,-5414)
(1815,-5421)
(1812,-5425)
(1809,-5426)
(1806,-5425)
(1804,-5421)
(1804,-5418)
(1801,-5408)
(1802,-5401)
(1804,-5398)
(1807,-5394)
(1809,-5393)
(1809,-5391)
(1807,-5390)
(1805,-5387)
(1810,-5385)
(1810,-5384)
(1807,-5385)
(1806,-5384)
(1807,-5383)
(1808,-5381)
(1809,-5381)
(1809,-5382)
(1810,-5380)
(1809,-5380)
(1808,-5379)
(1807,-5380)
(1804,-5381)
(1803,-5383)
(1802,-5383)
(1803,-5387)
(1802,-5390)
(1801,-5391)
(1797,-5389)
(1797,-5385)
(1797,-5383)
(1795,-5384)
(1793,-5381)
(1792,-5379)
(1793,-5376)
(1798,-5374)
(1800,-5374)
(1802,-5370)
(1805,-5369)
(1803,-5366)
(1802,-5366)
(1803,-5362)
(1802,-5362)
(1801,-5366)
(1800,-5367)
(1800,-5366)
(1798,-5367)
(1798,-5366)
(1798,-5362)
(1796,-5362)
(1796,-5364)
(1797,-5365)
(1796,-5366)
(1794,-5365)
(1795,-5362)
(1792,-5363)
(1793,-5362)
(1793,-5360)
(1790,-5363)
(1787,-5361)
(1787,-5363)
(1786,-5364)
(1787,-5364)
(1787,-5366)
(1788,-5366)
(1790,-5368)
(1788,-5369)
(1787,-5370)
(1785,-5371)
(1785,-5374)
(1784,-5376)
(1781,-5376)
(1781,-5373)
(1781,-5372)
(1781,-5371)
(1780,-5370)
(1780,-5372)
(1778,-5369)
(1780,-5373)
(1780,-5377)
(1781,-5378)
(1782,-5382)
(1781,-5379)
(1780,-5380)
(1777,-5377)
(1778,-5385)
(1777,-5383)
(1776,-5384)
(1775,-5382)
(1771,-5381)
(1770,-5377)
(1770,-5375)
(1769,-5375)
(1768,-5371)
(1766,-5372)
(1765,-5372)
(1766,-5371)
(1765,-5371)
(1764,-5373)
(1764,-5365)
(1763,-5365)
(1763,-5360)
(1763,-5362)
(1762,-5363)
(1761,-5361)
(1761,-5356)
(1759,-5355)
(1761,-5352)
(1759,-5351)
(1757,-5348)
(1756,-5348)
(1755,-5347)
(1754,-5349)
(1752,-5344)
(1753,-5344)
(1753,-5342)
(1752,-5340)
(1751,-5342)
(1751,-5340)
(1751,-5342)
(1750,-5343)
(1751,-5343)
(1751,-5344)
(1750,-5346)
(1748,-5346)
(1749,-5344)
(1748,-5341)
(1745,-5343)
(1747,-5345)
(1747,-5346)
(1745,-5345)
(1746,-5346)
(1744,-5348)
(1742,-5349)
(1739,-5348)
(1741,-5351)
(1746,-5354)
(1744,-5355)
(1743,-5358)
(1737,-5362)
(1736,-5365)
(1738,-5364)
(1742,-5361)
(1744,-5361)
(1745,-5358)
(1749,-5356)
(1749,-5357)
(1747,-5358)
(1751,-5359)
(1749,-5360)
(1747,-5359)
(1745,-5362)
(1746,-5364)
(1749,-5364)
(1749,-5366)
(1754,-5369)
(1754,-5368)
(1755,-5368)
(1755,-5370)
(1753,-5370)
(1754,-5372)
(1755,-5377)
(1757,-5377)
(1758,-5378)
(1759,-5377)
(1760,-5377)
(1760,-5379)
(1758,-5382)
(1759,-5384)
(1759,-5389)
(1760,-5386)
(1762,-5385)
(1763,-5386)
(1763,-5387)
(1765,-5386)
(1764,-5389)
(1766,-5390)
(1767,-5388)
(1768,-5389)
(1769,-5391)
(1768,-5391)
(1767,-5391)
(1766,-5392)
(1768,-5394)
(1768,-5397)
(1768,-5398)
(1769,-5399)
(1771,-5404)
(1772,-5404)
(1772,-5408)
(1774,-5411)
(1772,-5412)
(1772,-5411)
(1771,-5413)
(1771,-5411)
(1769,-5410)
(1769,-5409)
(1768,-5408)
(1768,-5403)
(1766,-5402)
(1764,-5403)
(1763,-5402)
(1760,-5402)
(1761,-5403)
(1758,-5401)
(1758,-5403)
(1759,-5403)
(1758,-5405)
(1757,-5404)
(1756,-5406)
(1753,-5405)
(1753,-5403)
(1751,-5404)
(1748,-5408)
(1745,-5414)
(1745,-5415)
(1746,-5414)
(1747,-5414)
(1750,-5416)
(1751,-5415)
(1752,-5416)
(1753,-5415)
(1755,-5415)
(1756,-5416)
(1754,-5417)
(1755,-5418)
(1757,-5420)
(1759,-5421)
(1755,-5423)
(1755,-5424)
(1759,-5423)
(1760,-5425)
(1761,-5426)
(1759,-5427)
(1757,-5429)
(1758,-5430)
(1757,-5431)
(1758,-5433)
(1759,-5434)
(1758,-5436)
(1757,-5436)
(1757,-5434)
(1754,-5436)
(1753,-5435)
(1754,-5437)
(1753,-5438)
(1748,-5438)
(1750,-5439)
(1750,-5440)
(1748,-5441)
(1747,-5442)
(1748,-5443)
(1747,-5445)
(1748,-5448)
(1748,-5446)
(1750,-5446)
(1750,-5449)
(1751,-5451)
(1749,-5450)
(1748,-5453)
(1751,-5457)
(1751,-5461)
(1753,-5459)
(1753,-5460)
(1753,-5462)
(1751,-5463)
(1753,-5468)
(1754,-5472)
(1755,-5476)
(1756,-5478)
(1760,-5480)
(1759,-5479)
(1760,-5477)
(1762,-5476)
(1763,-5474)
(1759,-5472)
(1760,-5470)
(1757,-5470)
(1755,-5469)
(1756,-5467)
(1761,-5467)
(1764,-5473)
(1766,-5474)
(1768,-5476)
(1772,-5476)
(1774,-5473)
(1776,-5473)
(1777,-5475)
(1776,-5475)
(1774,-5475)
(1773,-5477)
(1771,-5477)
(1769,-5478)
(1771,-5486)
(1773,-5485)
(1772,-5493)
(1773,-5492)
(1778,-5493)
(1778,-5499)
(1784,-5497)
(1785,-5498)
(1784,-5508)
(1783,-5511)
(1783,-5512)
(1785,-5512)
(1786,-5513)
(1788,-5512)
(1787,-5509)
(1790,-5510)
(1790,-5515)
(1789,-5516)
(1790,-5518)
(1790,-5519)
(1788,-5519)
(1786,-5525)
(1784,-5528)
(1786,-5528)
(1786,-5530)
(1785,-5530)
(1786,-5532)
(1782,-5531)
(1783,-5526)
(1781,-5528)
(1777,-5526)
(1778,-5522)
(1777,-5521)
(1777,-5524)
(1776,-5523)
(1775,-5523)
(1775,-5531)
(1772,-5537)
(1776,-5561)
(1784,-5582)
(1787,-5594)
(1786,-5623)
(1782,-5630)
(1785,-5633)
(1788,-5634)
(1790,-5632)
(1790,-5628)
(1794,-5626)
(1798,-5626)
(1799,-5627)
(1799,-5631)
(1796,-5633)
(1790,-5637)
(1788,-5637)
(1784,-5633)
(1781,-5631)
(1781,-5643)
(1779,-5648)
(1767,-5679)
(1762,-5686)
(1762,-5687)
(1764,-5687)
(1766,-5683)
(1768,-5682)
(1769,-5678)
(1772,-5674)
(1771,-5670)
(1774,-5669)
(1773,-5671)
(1774,-5674)
(1774,-5678)
(1772,-5687)
(1772,-5688)
(1773,-5688)
(1773,-5686)
(1779,-5683)
(1785,-5682)
(1787,-5685)
(1786,-5690)
(1781,-5693)
(1780,-5694)
(1780,-5696)
(1782,-5697)
(1783,-5700)
(1783,-5704)
(1781,-5702)
(1781,-5700)
(1778,-5702)
(1776,-5699)
(1774,-5701)
(1772,-5701)
(1771,-5700)
(1770,-5695)
(1769,-5696)
(1768,-5698)
(1765,-5697)
(1765,-5695)
(1766,-5695)
(1765,-5694)
(1764,-5693)
(1762,-5689)
(1762,-5694)
(1759,-5694)
(1758,-5696)
(1759,-5697)
(1757,-5700)
(1756,-5700)
(1753,-5702)
(1751,-5706)
(1751,-5707)
(1752,-5707)
(1752,-5710)
(1750,-5709)
(1744,-5709)
(1743,-5708)
(1733,-5722)
(1732,-5725)
(1724,-5741)
(1724,-5745)
(1724,-5749)
(1722,-5756)
(1721,-5757)
(1717,-5757)
(1723,-5743)
(1719,-5750)
(1716,-5759)
(1709,-5773)
(1712,-5769)
(1716,-5760)
(1718,-5759)
(1719,-5759)
(1715,-5773)
(1716,-5773)
(1716,-5771)
(1718,-5768)
(1718,-5773)
(1720,-5771)
(1722,-5771)
(1720,-5776)
(1721,-5776)
(1719,-5778)
(1718,-5781)
(1719,-5781)
(1720,-5783)
(1723,-5783)
(1724,-5784)
(1724,-5785)
(1726,-5786)
(1722,-5786)
(1723,-5784)
(1721,-5785)
(1718,-5785)
(1717,-5782)
(1714,-5789)
(1716,-5789)
(1716,-5786)
(1718,-5787)
(1717,-5789)
(1717,-5790)
(1719,-5790)
(1719,-5793)
(1722,-5794)
(1723,-5795)
(1723,-5799)
(1721,-5799)
(1718,-5796)
(1714,-5796)
(1713,-5791)
(1711,-5789)
(1709,-5793)
(1708,-5793)
(1709,-5790)
(1710,-5789)
(1708,-5786)
(1707,-5784)
(1706,-5784)
(1699,-5799)
(1700,-5802)
(1704,-5802)
(1705,-5804)
(1706,-5805)
(1709,-5807)
(1707,-5809)
(1705,-5806)
(1704,-5806)
(1705,-5810)
(1704,-5810)
(1701,-5807)
(1697,-5808)
(1694,-5807)
(1690,-5812)
(1688,-5813)
(1688,-5816)
(1692,-5815)
(1693,-5816)
(1695,-5814)
(1696,-5815)
(1693,-5817)
(1691,-5816)
(1687,-5818)
(1688,-5821)
(1691,-5820)
(1692,-5821)
(1691,-5822)
(1689,-5827)
(1690,-5829)
(1689,-5831)
(1687,-5829)
(1684,-5833)
(1682,-5829)
(1680,-5829)
(1684,-5826)
(1685,-5823)
(1687,-5822)
(1686,-5821)
(1684,-5822)
(1682,-5821)
(1678,-5826)
(1669,-5832)
(1669,-5834)
(1670,-5833)
(1672,-5835)
(1673,-5836)
(1671,-5841)
(1672,-5841)
(1672,-5847)
(1671,-5848)
(1673,-5850)
(1672,-5851)
(1669,-5849)
(1670,-5843)
(1667,-5844)
(1665,-5842)
(1663,-5839)
(1662,-5835)
(1654,-5839)
(1640,-5844)
(1638,-5849)
(1637,-5851)
(1637,-5852)
(1638,-5850)
(1640,-5850)
(1640,-5847)
(1641,-5849)
(1644,-5849)
(1643,-5851)
(1640,-5854)
(1640,-5855)
(1638,-5856)
(1638,-5858)
(1640,-5859)
(1643,-5861)
(1648,-5866)
(1647,-5866)
(1644,-5863)
(1643,-5864)
(1642,-5862)
(1641,-5862)
(1640,-5861)
(1639,-5863)
(1639,-5860)
(1638,-5860)
(1637,-5862)
(1637,-5866)
(1636,-5864)
(1636,-5859)
(1635,-5858)
(1634,-5852)
(1636,-5845)
(1630,-5847)
(1627,-5847)
(1626,-5850)
(1624,-5849)
(1623,-5849)
(1621,-5848)
(1620,-5850)
(1621,-5853)
(1620,-5854)
(1615,-5853)
(1614,-5851)
(1613,-5849)
(1612,-5849)
(1611,-5850)
(1612,-5851)
(1614,-5853)
(1612,-5853)
(1610,-5854)
(1609,-5853)
(1608,-5850)
(1593,-5845)
(1590,-5845)
(1591,-5846)
(1590,-5846)
(1589,-5848)
(1589,-5846)
(1585,-5847)
(1585,-5845)
(1582,-5844)
(1582,-5842)
(1580,-5842)
(1581,-5841)
(1577,-5842)
(1576,-5841)
(1577,-5839)
(1575,-5839)
(1574,-5840)
(1572,-5839)
(1570,-5839)
(1567,-5838)
(1566,-5837)
(1565,-5833)
(1564,-5833)
(1564,-5835)
(1562,-5836)
(1559,-5835)
(1561,-5831)
(1565,-5830)
(1558,-5828)
(1557,-5833)
(1558,-5836)
(1556,-5837)
(1556,-5840)
(1555,-5841)
(1551,-5841)
(1550,-5842)
(1552,-5844)
(1551,-5845)
(1551,-5846)
(1553,-5847)
(1554,-5851)
(1557,-5854)
(1558,-5855)
(1560,-5857)
(1562,-5859)
(1562,-5866)
(1563,-5867)
(1563,-5868)
(1563,-5880)
(1564,-5881)
(1562,-5884)
(1563,-5885)
(1564,-5885)
(1564,-5887)
(1564,-5888)
(1564,-5890)
(1563,-5892)
(1565,-5892)
(1567,-5898)
(1569,-5901)
(1569,-5903)
(1572,-5902)
(1572,-5904)
(1574,-5907)
(1572,-5908)
(1575,-5912)
(1574,-5913)
(1575,-5915)
(1574,-5919)
(1576,-5922)
(1578,-5922)
(1578,-5925)
(1579,-5924)
(1582,-5928)
(1582,-5933)
(1584,-5936)
(1583,-5937)
(1584,-5938)
(1584,-5939)
(1583,-5940)
(1584,-5941)
(1584,-5945)
(1585,-5946)
(1590,-5945)
(1593,-5950)
(1597,-5950)
(1611,-5956)
(1613,-5961)
(1615,-5961)
(1616,-5963)
(1620,-5963)
(1623,-5968)
(1626,-5966)
(1628,-5967)
(1633,-5966)
(1636,-5967)
(1636,-5969)
(1638,-5969)
(1638,-5971)
(1644,-5968)
(1649,-5968)
(1650,-5971)
(1654,-5970)
(1658,-5975)
(1658,-5978)
(1659,-5979)
(1660,-5982)
(1663,-5985)
(1664,-5987)
(1666,-5988)
(1667,-5990)
(1668,-5992)
(1671,-5992)
(1672,-5993)
(1674,-5993)
(1676,-5996)
(1679,-5996)
(1680,-6000)
(1684,-6001)
(1685,-6003)
(1689,-6004)
(1692,-6011)
(1694,-6012)
(1695,-6014)
(1697,-6017)
(1699,-6017)
(1704,-6020)
(1706,-6020)
(1709,-6021)
(1710,-6019)
(1712,-6023)
(1714,-6024)
(1716,-6024)
(1717,-6026)
(1718,-6026)
(1721,-6029)
(1730,-6032)
(1730,-6034)
(1732,-6034)
(1735,-6037)
(1740,-6038)
(1747,-6040)
(1750,-6046)
(1754,-6046)
(1757,-6050)
(1757,-6052)
(1761,-6056)
(1763,-6060)
(1768,-6063)
(1770,-6068)
(1772,-6071)
(1772,-6073)
(1775,-6073)
(1777,-6073)
(1777,-6074)
(1775,-6078)
(1777,-6079)
(1779,-6078)
(1780,-6081)
(1785,-6085)
(1786,-6084)
(1786,-6086)
(1787,-6088)
(1786,-6092)
(1788,-6092)
(1789,-6092)
(1786,-6094)
(1786,-6098)
(1788,-6106)
(1787,-6108)
(1789,-6109)
(1788,-6110)
(1788,-6113)
(1788,-6115)
(1789,-6118)
(1788,-6119)
(1788,-6125)
(1789,-6129)
(1791,-6131)
(1791,-6134)
(1792,-6135)
(1793,-6138)
(1791,-6141)
(1788,-6142)
(1786,-6143)
(1787,-6150)
(1785,-6152)
(1786,-6154)
(1785,-6155)
(1785,-6160)
(1780,-6161)
(1778,-6164)
(1776,-6164)
(1776,-6166)
(1773,-6166)
(1771,-6168)
(1767,-6169)
(1764,-6169)
(1761,-6171)
(1761,-6173)
(1759,-6173)
(1755,-6174)
(1753,-6172)
(1753,-6174)
(1752,-6176)
(1751,-6179)
(1746,-6182)
(1745,-6185)
(1743,-6185)
(1744,-6186)
(1740,-6186)
(1739,-6189)
(1740,-6198)
(1740,-6199)
(1741,-6199)
(1741,-6200)
(1742,-6201)
(1741,-6202)
(1744,-6207)
(1744,-6209)
(1749,-6213)
(1749,-6218)
(1752,-6224)
(1754,-6227)
(1755,-6226)
(1756,-6227)
(1757,-6233)
(1760,-6243)
(1765,-6250)
(1768,-6252)
(1769,-6252)
(1771,-6257)
(1772,-6260)
(1774,-6265)
(1778,-6270)
(1783,-6273)
(1788,-6274)
(1789,-6277)
(1797,-6281)
(1798,-6280)
(1803,-6282)
(1807,-6281)
(1811,-6281)
(1814,-6282)
(1817,-6286)
(1819,-6286)
(1821,-6289)
(1823,-6289)
(1824,-6291)
(1830,-6292)
(1834,-6294)
(1837,-6296)
(1837,-6299)
(1841,-6300)
(1842,-6304)
(1848,-6312)
(1848,-6316)
(1849,-6317)
(1852,-6323)
(1854,-6324)
(1857,-6329)
(1858,-6330)
(1861,-6334)
(1865,-6336)
(1871,-6346)
(1875,-6350)
(1880,-6356)
(1882,-6357)
(1884,-6360)
(1886,-6369)
(1889,-6373)
(1901,-6380)
(1905,-6383)
(1905,-6389)
(1907,-6391)
(1907,-6393)
(1907,-6396)
(1907,-6400)
(1907,-6405)
(1907,-6409)
(1907,-6412)
(1907,-6416)
(1907,-6420)
(1907,-6425)
(1907,-6429)
(1907,-6432)
(1907,-6436)
(1907,-6440)
(1907,-6445)
(1907,-6448)
(1907,-6452)
(1907,-6456)
(1907,-6461)
(1907,-6465)
(1907,-6468)
(1907,-6472)
(1907,-6477)
(1907,-6480)
(1907,-6484)
(1907,-6488)
(1907,-6492)
(1906,-6492)
(1902,-6492)
(1898,-6492)
(1894,-6492)
(1890,-6492)
(1886,-6492)
(1883,-6492)
(1880,-6492)
(1880,-6495)
(1880,-6499)
(1880,-6503)
(1880,-6507)
(1880,-6511)
(1880,-6515)
(1880,-6519)
(1880,-6523)
(1880,-6527)
(1880,-6530)
(1880,-6531)
(1880,-6535)
(1880,-6539)
(1880,-6543)
(1880,-6547)
(1880,-6551)
(1880,-6555)
(1880,-6559)
(1880,-6563)
(1880,-6567)
(1880,-6571)
(1880,-6575)
(1880,-6579)
(1880,-6583)
(1880,-6587)
(1880,-6591)
(1880,-6595)
(1880,-6599)
(1880,-6603)
(1880,-6607)
(1880,-6611)
(1880,-6615)
(1880,-6619)
(1880,-6623)
(1880,-6627)
(1880,-6631)
(1880,-6635)
(1880,-6639)
(1880,-6643)
(1880,-6647)
(1880,-6651)
(1880,-6655)
(1880,-6659)
(1880,-6663)
(1881,-6665)
(1882,-6669)
(1883,-6672)
(1884,-6676)
(1885,-6679)
(1886,-6683)
(1888,-6686)
(1889,-6690)
(1890,-6693)
(1891,-6697)
(1892,-6700)
(1893,-6704)
(1894,-6707)
(1896,-6711)
(1897,-6714)
(1898,-6718)
(1899,-6721)
(1900,-6725)
(1901,-6729)
(1902,-6732)
(1903,-6736)
(1905,-6739)
(1906,-6743)
(1907,-6746)
(1908,-6750)
(1909,-6753)
(1910,-6757)
(1911,-6760)
(1912,-6764)
(1913,-6767)
(1914,-6771)
(1916,-6775)
(1917,-6778)
(1918,-6782)
(1919,-6785)
(1920,-6789)
(1921,-6792)
(1922,-6796)
(1923,-6799)
(1924,-6803)
(1925,-6807)
(1927,-6810)
(1928,-6814)
(1929,-6817)
(1930,-6821)
(1931,-6824)
(1932,-6828)
(1933,-6831)
(1934,-6835)
(1935,-6839)
(1936,-6842)
(1937,-6846)
(1938,-6849)
(1940,-6853)
(1941,-6856)
(1942,-6860)
(1943,-6864)
(1944,-6867)
(1945,-6871)
(1946,-6874)
(1947,-6878)
(1948,-6881)
(1949,-6885)
(1950,-6889)
(1953,-6887)
(1957,-6888)
(1959,-6885)
(1963,-6883)
(1963,-6886)
(1963,-6889)
(1962,-6893)
(1962,-6896)
(1962,-6900)
(1962,-6904)
(1961,-6907)
(1961,-6911)
(1961,-6915)
(1961,-6918)
(1960,-6922)
(1960,-6925)
(1960,-6929)
(1960,-6933)
(1959,-6936)
(1959,-6940)
(1959,-6944)
(1958,-6947)
(1958,-6951)
(1958,-6954)
(1958,-6958)
(1957,-6962)
(1957,-6965)
(1957,-6969)
(1957,-6973)
(1956,-6976)
(1956,-6980)
(1956,-6983)
(1955,-6987)
(1955,-6991)
(1955,-6994)
(1955,-6998)
(1954,-7002)
(1954,-7005)
(1954,-7009)
(1953,-7012)
(1953,-7016)
(1953,-7020)
(1952,-7023)
(1952,-7027)